4,80
1 -0.745821 1.75164 7.85963 
2 -0.729837 1.66369 7.21235 
3 -0.712769 1.57659 6.5627 
4 -0.692066 1.49198 5.90634 
5 -0.659511 1.41449 5.23148 
6 -0.592076 1.35524 4.51147 
7 -0.449413 1.32887 3.71606 
8 -0.234774 1.32185 2.88959 
9 -0.0420168 1.2875 2.1454 
10 0.0828446 1.21857 1.48933 
11 0.16286 1.14339 0.855402 
12 0.209024 1.09804 0.19961 
13 0.194264 1.12527 -0.45465 
14 0.0840918 1.22639 -0.96696 
15 -0.0835314 1.3157 -1.23039 
16 -0.239426 1.33769 -1.33658 
17 -0.366747 1.31948 -1.39486 
18 -0.472989 1.30916 -1.42686 
19 -0.551837 1.34979 -1.39666 
20 -0.577625 1.44499 -1.27012 
21 -0.547351 1.52718 -1.09669 
22 -0.496408 1.54795 -0.953075 
23 -0.448171 1.52443 -0.849843 
24 -0.405257 1.48228 -0.768647 
25 -0.365981 1.43284 -0.698732 
26 -0.33189 1.37697 -0.640737 
27 -0.311997 1.30797 -0.603679 
28 -0.324122 1.21566 -0.592464 
29 -0.374323 1.10481 -0.579746 
30 -0.433985 1.00141 -0.522557 
31 -0.476296 0.917529 -0.419443 
32 -0.498432 0.843315 -0.293628 
33 -0.499393 0.76139 -0.16262 
34 -0.457749 0.645015 -0.0394952 
35 -0.309813 0.44952 0.0579009 
36 0.0408336 0.134729 0.109354 
37 0.597907 -0.254327 0.122505 
38 1.19934 -0.600153 0.141354 
39 1.7159 -0.859718 0.193576 
40 2.13419 -1.06727 0.27636 
41 2.46269 -1.2585 0.378864 
42 2.68353 -1.44515 0.489273 
43 2.77108 -1.61791 0.592974 
44 2.73386 -1.76081 0.676826 
45 2.62121 -1.86872 0.737423 
46 2.48375 -1.95009 0.780804 
47 2.34387 -2.01615 0.814786 
48 2.1979 -2.07203 0.843583 
49 2.02823 -2.11263 0.866126 
50 1.81518 -2.12158 0.875888 
51 1.55351 -2.07804 0.863772 
52 1.26533 -1.97473 0.825725 
53 0.986898 -1.82813 0.767514 
54 0.740405 -1.66394 0.699015 
55 0.526527 -1.49898 0.626275 
56 0.336442 -1.33862 0.54992 
57 0.164017 -1.18352 0.467944 
58 0.0123587 -1.03649 0.379879 
59 -0.106335 -0.905785 0.290909 
60 -0.181049 -0.800765 0.211615 
61 -0.214856 -0.72295 0.150508 
62 -0.223139 -0.664344 0.10786 
63 -0.220881 -0.614532 0.0783373 
64 -0.215841 -0.566093 0.056479 
65 -0.209448 -0.515209 0.0391224 
66 -0.199472 -0.46098 0.0253389 
67 -0.182297 -0.40558 0.0155892 
68 -0.155624 -0.35446 0.0106025 
69 -0.121248 -0.314525 0.0103001 
70 -0.0852924 -0.290465 0.0135152 
71 -0.0550503 -0.282443 0.0185307 
72 -0.0352062 -0.286376 0.0234645 
73 -0.0258225 -0.295453 0.0263241 
74 -0.0228774 -0.302511 0.0254326 
75 -0.0210615 -0.302784 0.0201213 
76 -0.0165906 -0.294976 0.0108397 
77 -0.00802096 -0.280199 -0.00139105 
78 0.00449958 -0.260353 -0.0155502 
79 0.0201961 -0.237155 -0.0308717 
80 0.0382358 -0.211852 -0.0468583 
