4,100
1 -2.63176 -6.66601 4.51008 
2 -2.40587 -6.10849 4.12537 
3 -2.17997 -5.55097 3.74066 
4 -1.95408 -4.99344 3.35595 
5 -1.72817 -4.43589 2.97122 
6 -1.50221 -3.87823 2.5864 
7 -1.27604 -3.32004 2.20119 
8 -1.04905 -2.75985 1.81449 
9 -0.819468 -2.19325 1.42309 
10 -0.583963 -1.61128 1.0211 
11 -0.344254 -1.0145 0.612406 
12 -0.135225 -0.47909 0.262343 
13 -0.021873 -0.160313 0.089935 
14 0.00913157 -0.0397517 0.0680719 
15 0.0215138 0.0287562 0.0789867 
16 0.0405275 0.108079 0.0773369 
17 0.0675903 0.203984 0.0619963 
18 0.100762 0.312038 0.0392043 
19 0.138821 0.426414 0.0173002 
20 0.178313 0.530858 0.0136091 
21 0.208229 0.590382 0.0533927 
22 0.219561 0.590906 0.133388 
23 0.221559 0.569464 0.218905 
24 0.227555 0.557357 0.29486 
25 0.245192 0.563456 0.364927 
26 0.280602 0.592592 0.433917 
27 0.340212 0.651958 0.503619 
28 0.428255 0.74813 0.573185 
29 0.542554 0.881364 0.639866 
30 0.673252 1.0433 0.700233 
31 0.807823 1.22296 0.751596 
32 0.938111 1.41699 0.79239 
33 1.06205 1.63472 0.821349 
34 1.17897 1.89421 0.836931 
35 1.28283 2.20984 0.838322 
36 1.3592 2.57491 0.827707 
37 1.39123 2.95353 0.810912 
38 1.37098 3.29734 0.793752 
39 1.3035 3.57358 0.776984 
40 1.1998 3.77415 0.755107 
41 1.06918 3.90428 0.718891 
42 0.917237 3.96978 0.658601 
43 0.748101 3.97275 0.566884 
44 0.567181 3.91387 0.441468 
45 0.382342 3.79699 0.286909 
46 0.202714 3.63152 0.113848 
47 0.0361686 3.43061 -0.0644246 
48 -0.112489 3.20637 -0.235912 
49 -0.24132 2.96595 -0.39171 
50 -0.349586 2.71087 -0.525085 
51 -0.436105 2.43965 -0.6295 
52 -0.498962 2.15243 -0.697952 
53 -0.536979 1.8549 -0.72507 
54 -0.551894 1.55865 -0.710821 
55 -0.549075 1.27658 -0.662233 
56 -0.535799 1.01713 -0.590835 
57 -0.51861 0.781783 -0.507919 
58 -0.501814 0.566508 -0.421305 
59 -0.487501 0.364579 -0.33479 
60 -0.47624 0.168484 -0.249175 
61 -0.467542 -0.0292026 -0.163665 
62 -0.459651 -0.234973 -0.0773244 
63 -0.448535 -0.452039 0.00909782 
64 -0.426644 -0.675617 0.0909021 
65 -0.383193 -0.88795 0.158074 
66 -0.308085 -1.05997 0.197739 
67 -0.198162 -1.16454 0.20111 
68 -0.0597261 -1.19212 0.169296 
69 0.095556 -1.15345 0.112196 
70 0.256216 -1.06958 0.0432267 
71 0.412447 -0.961975 -0.0237034 
72 0.552905 -0.849607 -0.0729493 
73 0.659141 -0.750897 -0.0841165 
74 0.702664 -0.685118 -0.0332241 
75 0.654996 -0.666457 0.0938748 
76 0.514011 -0.691074 0.280464 
77 0.316873 -0.734877 0.48086 
78 0.112707 -0.772051 0.654086 
79 -0.0695951 -0.791235 0.786185 
80 -0.223519 -0.794551 0.882095 
81 -0.35062 -0.791173 0.949218 
82 -0.447415 -0.795162 0.9859 
83 -0.497798 -0.824892 0.974841 
84 -0.480265 -0.892478 0.890496 
85 -0.400163 -0.981133 0.734037 
86 -0.303759 -1.04965 0.55255 
87 -0.233473 -1.07249 0.393614 
88 -0.196587 -1.04929 0.269634 
89 -0.177276 -0.982232 0.170938 
90 -0.149947 -0.86152 0.0853807 
91 -0.0906957 -0.679887 0.0105719 
92 -0.00805664 -0.477268 -0.0426613 
93 0.0582266 -0.318402 -0.0696118 
94 0.0928605 -0.213586 -0.0811022 
95 0.106857 -0.138606 -0.087361 
96 0.111671 -0.0753329 -0.0924369 
97 0.11303 -0.0159885 -0.0973543 
98 0.113198 0.0421421 -0.102285 
99 0.112976 0.0999179 -0.107234 
100 0.112634 0.157595 -0.112189 
