4,117
1 -0.629519 1.79778 7.61713 
2 -0.575527 1.64808 6.96643 
3 -0.521524 1.49834 6.31555 
4 -0.467492 1.34847 5.6642 
5 -0.41339 1.19828 5.01161 
6 -0.35912 1.04729 4.35599 
7 -0.304491 0.89438 3.69332 
8 -0.249211 0.737288 3.01588 
9 -0.193241 0.572519 2.31357 
10 -0.138411 0.399067 1.59161 
11 -0.0917862 0.232141 0.924164 
12 -0.0634002 0.110283 0.463858 
13 -0.0521249 0.0511532 0.253863 
14 -0.0471302 0.0274799 0.166963 
15 -0.0427943 0.0120741 0.098912 
16 -0.0394576 -0.00440587 0.0215167 
17 -0.0390362 -0.022351 -0.0613641 
18 -0.0424918 -0.0387171 -0.137273 
19 -0.0470851 -0.0473143 -0.189185 
20 -0.0426111 -0.0386585 -0.198775 
21 -0.0123956 -0.00500214 -0.16051 
22 0.0539319 0.050652 -0.095343 
23 0.150195 0.115997 -0.0354119 
24 0.263148 0.181605 0.0021767 
25 0.385166 0.246245 0.0161809 
26 0.516337 0.314426 0.00820649 
27 0.661539 0.394385 -0.0260039 
28 0.826615 0.49821 -0.10007 
29 1.01113 0.640825 -0.236012 
30 1.19485 0.831893 -0.45252 
31 1.32775 1.05831 -0.737345 
32 1.35188 1.27639 -1.02961 
33 1.24958 1.43973 -1.25584 
34 1.05356 1.53393 -1.38483 
35 0.809265 1.57358 -1.4299 
36 0.547201 1.58015 -1.41742 
37 0.281827 1.56986 -1.36644 
38 0.0201816 1.55232 -1.28402 
39 -0.229397 1.53202 -1.16662 
40 -0.449549 1.50858 -1.00453 
41 -0.611101 1.47588 -0.793956 
42 -0.687604 1.4239 -0.55592 
43 -0.684914 1.34709 -0.336967 
44 -0.643467 1.25074 -0.17416 
45 -0.602572 1.14524 -0.0700623 
46 -0.578615 1.03795 -0.00672996 
47 -0.571632 0.931762 0.0339745 
48 -0.576657 0.827342 0.0637216 
49 -0.589276 0.725168 0.0891984 
50 -0.607161 0.627537 0.115696 
51 -0.629725 0.541242 0.152069 
52 -0.653555 0.4781 0.217395 
53 -0.655161 0.436284 0.338373 
54 -0.573147 0.347586 0.503151 
55 -0.367394 0.101861 0.618814 
56 -0.0892921 -0.299798 0.622217 
57 0.200018 -0.774152 0.545055 
58 0.484246 -1.26908 0.43621 
59 0.767492 -1.76756 0.328844 
60 1.04749 -2.25728 0.254088 
61 1.28574 -2.70055 0.256177 
62 1.37875 -3.01622 0.37366 
63 1.23398 -3.14893 0.56464 
64 0.918871 -3.17051 0.720401 
65 0.565271 -3.18313 0.799929 
66 0.225162 -3.21798 0.829439 
67 -0.103478 -3.26757 0.836221 
68 -0.430905 -3.3203 0.831517 
69 -0.761981 -3.36563 0.814996 
70 -1.09234 -3.38948 0.778075 
71 -1.40196 -3.36966 0.705041 
72 -1.6491 -3.27873 0.5783 
73 -1.78261 -3.1026 0.393589 
74 -1.78175 -2.86302 0.173879 
75 -1.67998 -2.60799 -0.0430663 
76 -1.53403 -2.37495 -0.232595 
77 -1.3836 -2.17444 -0.391185 
78 -1.24364 -2.00016 -0.525899 
79 -1.1148 -1.84139 -0.6444 
80 -0.992771 -1.68846 -0.750728 
81 -0.872722 -1.53376 -0.843721 
82 -0.75149 -1.37249 -0.915739 
83 -0.629781 -1.20512 -0.952697 
84 -0.514339 -1.04126 -0.940306 
85 -0.41605 -0.898235 -0.878367 
86 -0.341785 -0.789224 -0.788166 
87 -0.288825 -0.713121 -0.697688 
88 -0.249025 -0.659033 -0.622903 
89 -0.215252 -0.616128 -0.565884 
90 -0.183486 -0.577682 -0.522353 
91 -0.151995 -0.540366 -0.487254 
92 -0.120196 -0.502577 -0.456576 
93 -0.088038 -0.463258 -0.427299 
94 -0.055967 -0.421392 -0.396871 
95 -0.02545 -0.376291 -0.362975 
96 0.000174665 -0.329169 -0.324457 
97 0.0160323 -0.285431 -0.283769 
98 0.019374 -0.253504 -0.247892 
99 0.0133428 -0.237859 -0.223311 
100 0.00424543 -0.235344 -0.210538 
101 -0.00364647 -0.239879 -0.205828 
102 -0.0090841 -0.247037 -0.205343 
103 -0.0122857 -0.254563 -0.206634 
104 -0.0136514 -0.261134 -0.208196 
105 -0.0130464 -0.264819 -0.208481 
106 -0.00915275 -0.26105 -0.204673 
107 0.000814974 -0.241189 -0.19206 
108 0.0180696 -0.199881 -0.168675 
109 0.0356122 -0.154071 -0.145393 
110 0.0439236 -0.130487 -0.136783 
111 0.0427948 -0.131986 -0.142904 
112 0.036602 -0.147669 -0.156857 
113 0.0283278 -0.169464 -0.174006 
114 0.0192728 -0.193672 -0.192345 
115 0.00992997 -0.218824 -0.211119 
116 0.000480257 -0.244353 -0.230052 
117 -0.00900969 -0.270039 -0.249045 
