4  8
0.107513  0.16218  0.0820772  0.158667  0.119282  0.0913909  0.112524  0.166365  
6.79928  -0.291737  0.852369  3.51724  
22.8437  -0.673416  1.81865  7.68129  
37.2315  0.862229  3.26187  7.01098  
50.5429  0.232716  5.88398  5.56756  
67.2014  0.424308  3.66931  6.43686  
79.7195  -1.07228  -1.88771  7.26472  
95.1915  -2.51872  -4.3853  6.15751  
105.046  -2.54924  -5.89219  5.0934  
13.2243  -0.692696  2.06714  8.29115  
-0.692696  0.136418  0.0579645  -0.451205  
2.06714  0.0579645  0.675231  1.27164  
8.29115  -0.451205  1.27164  5.24134  
35.1929  -0.285084  0.192982  0.780957  
-0.285084  0.36545  0.614386  -0.0525753  
0.192982  0.614386  1.33137  -0.0676452  
0.780957  -0.0525753  -0.0676452  0.0552759  
20.4441  1.28713  1.83942  -2.22546  
1.28713  0.440789  0.276745  -0.246483  
1.83942  0.276745  0.317022  -0.297307  
-2.22546  -0.246483  -0.297307  0.32564  
39.9853  -2.06979  4.77243  -0.387318  
-2.06979  0.32775  -0.381117  0.0767877  
4.77243  -0.381117  0.86947  -0.294733  
-0.387318  0.0767877  -0.294733  0.261422  
19.5836  1.15085  -7.50115  1.4799  
1.15085  0.228025  -0.328748  0.0279832  
-7.50115  -0.328748  3.81661  -0.900705  
1.4799  0.0279832  -0.900705  0.281417  
14.4092  -2.17166  -3.92794  -0.779931  
-2.17166  0.552859  0.531909  0.109453  
-3.92794  0.531909  1.45532  0.176572  
-0.779931  0.109453  0.176572  0.0633316  
87.3278  -2.91427  -1.70562  -2.52624  
-2.91427  0.204879  -0.00844709  0.0907344  
-1.70562  -0.00844709  0.288067  0.159896  
-2.52624  0.0907344  0.159896  0.138543  
56.7526  -0.187678  -2.18767  -2.24547  
-0.187678  0.0578707  0.0270417  0.0484261  
-2.18767  0.0270417  0.100574  0.107684  
-2.24547  0.0484261  0.107684  0.124557  
