4,95
1 -0.0973331 -0.0302774 -0.212861 
2 0.198362 -0.0248156 0.427544 
3 0.494062 -0.0193577 1.06796 
4 0.789778 -0.0139091 1.70841 
5 1.08554 -0.00848586 2.34895 
6 1.38149 -0.00314165 2.98989 
7 1.67816 0.00193402 3.63242 
8 1.97753 0.00612477 4.28099 
9 2.28494 0.00792264 4.94791 
10 2.60578 0.00644484 5.64688 
11 2.90885 0.0130271 6.3112 
12 3.10277 0.0551206 6.7346 
13 3.19087 0.127615 6.91648 
14 3.25405 0.204952 7.03641 
15 3.32378 0.279159 7.16631 
16 3.40252 0.352017 7.31145 
17 3.48704 0.430947 7.46269 
18 3.56606 0.537452 7.59483 
19 3.60658 0.714325 7.64776 
20 3.5739 0.977351 7.5739 
21 3.49349 1.26446 7.43426 
22 3.40881 1.53058 7.30155 
23 3.32974 1.78135 7.18465 
24 3.25229 2.02983 7.07346 
25 3.17226 2.28393 6.96137 
26 3.08575 2.54955 6.84479 
27 2.98727 2.83357 6.72057 
28 2.86811 3.14492 6.5849 
29 2.71539 3.49361 6.43348 
30 2.513 3.88667 6.26324 
31 2.24715 4.32007 6.07562 
32 1.91691 4.7705 5.88004 
33 1.54248 5.19775 5.69306 
34 1.15912 5.56317 5.53067 
35 0.798311 5.84984 5.39983 
36 0.474019 6.06526 5.29719 
37 0.183657 6.22922 5.21402 
38 -0.083661 6.36179 5.14116 
39 -0.34014 6.4778 5.07132 
40 -0.595537 6.586 4.99959 
41 -0.854948 6.68953 4.92352 
42 -1.11666 6.78633 4.84365 
43 -1.37051 6.86978 4.76417 
44 -1.59929 6.93104 4.69252 
45 -1.78541 6.96342 4.63676 
46 -1.91969 6.96631 4.60171 
47 -2.00524 6.94541 4.587 
48 -2.0536 6.90914 4.58827 
49 -2.07806 6.8651 4.60004 
50 -2.08925 6.81847 4.61755 
51 -2.09422 6.77222 4.63741 
52 -2.09712 6.72798 4.65727 
53 -2.10044 6.68676 4.67541 
54 -2.10592 6.64936 4.69038 
55 -2.11514 6.61635 4.70092 
56 -2.12976 6.58773 4.70619 
57 -2.15128 6.5622 4.70644 
58 -2.18047 6.53642 4.7038 
59 -2.21647 6.50491 4.70274 
60 -2.2565 6.46136 4.70918 
61 -2.29657 6.401 4.72843 
62 -2.33307 6.32232 4.76319 
63 -2.36403 6.22683 4.81316 
64 -2.38931 6.11726 4.87625 
65 -2.41001 5.99579 4.9501 
66 -2.4277 5.86287 5.03312 
67 -2.44388 5.71687 5.12485 
68 -2.45956 5.55429 5.22571 
69 -2.47498 5.37071 5.33644 
70 -2.48932 5.16262 5.45708 
71 -2.5008 4.93008 5.58594 
72 -2.50719 4.67853 5.71915 
73 -2.50684 4.41794 5.8516 
74 -2.49933 4.15922 5.97876 
75 -2.48558 3.91032 6.09812 
76 -2.46721 3.67469 6.20933 
77 -2.44599 3.45202 6.31347 
78 -2.42361 3.23981 6.41212 
79 -2.40188 3.03458 6.50673 
80 -2.3833 2.83245 6.59825 
81 -2.37165 2.62941 6.68678 
82 -2.3721 2.42235 6.77113 
83 -2.38899 2.21226 6.84844 
84 -2.41984 2.00923 6.91491 
85 -2.44922 1.83279 6.9689 
86 -2.45457 1.69972 7.01398 
87 -2.42279 1.61019 7.05701 
88 -2.35677 1.55075 7.10319 
89 -2.26716 1.50676 7.15421 
90 -2.16384 1.46872 7.20955 
91 -2.05326 1.43198 7.26812 
92 -1.93906 1.39468 7.32891 
93 -1.82312 1.35626 7.39119 
94 -1.70643 1.31662 7.45449 
95 -1.58948 1.27585 7.5185 
