4  8
0.116192  0.0776879  0.143561  0.112758  0.180765  0.112158  0.156601  0.100277  
6.02159  1.38749  -0.00282842  3.00293  
15.2816  3.30288  0.322767  7.13599  
26.1432  3.10673  2.50436  6.86275  
37.9462  0.0020741  6.31558  5.19702  
51.827  -2.09079  6.72014  4.66346  
65.9659  -2.42941  5.89367  4.99769  
78.3067  -2.41441  3.13424  6.45842  
90.2622  -2.13741  1.50498  7.20041  
10.0986  2.98604  0.0551927  6.46707  
2.98604  0.925203  0.000481749  1.91099  
0.0551927  0.000481749  0.0147773  0.0400622  
6.46707  1.91099  0.0400622  4.16687  
4.87453  0.377172  0.344896  0.732939  
0.377172  0.193927  -0.0319738  0.0267569  
0.344896  -0.0319738  0.0888049  0.0683459  
0.732939  0.0267569  0.0683459  0.135399  
21.4855  -1.54316  5.04042  -2.22531  
-1.54316  0.416849  -0.695553  0.215035  
5.04042  -0.695553  1.73037  -0.653293  
-2.22531  0.215035  -0.653293  0.282742  
21.011  -3.40247  1.46503  -0.755924  
-3.40247  1.12732  -0.59336  0.377521  
1.46503  -0.59336  0.37249  -0.229363  
-0.755924  0.377521  -0.229363  0.159423  
37.5038  0.0141888  -1.74203  0.945494  
0.0141888  0.0903844  -0.0308383  0.0787006  
-1.74203  -0.0308383  0.103257  -0.0867553  
0.945494  0.0787006  -0.0867553  0.126509  
24.5025  0.0334809  -2.87834  1.91814  
0.0334809  0.0334998  0.0225716  0.0132898  
-2.87834  0.0225716  0.395274  -0.228797  
1.91814  0.0132898  -0.228797  0.163171  
29.414  0.74471  -5.42371  2.57264  
0.74471  0.145644  -0.217069  0.113971  
-5.42371  -0.217069  1.239  -0.6233  
2.57264  0.113971  -0.6233  0.328268  
11.7006  1.37558  -0.498  0.763314  
1.37558  0.456555  -0.0603634  0.181459  
-0.498  -0.0603634  0.183935  -0.07111  
0.763314  0.181459  -0.07111  0.0944426  
