4,95
1 3.47228 -0.157426 7.47763 
2 3.16793 -0.0991756 6.8336 
3 2.86357 -0.0409259 6.18954 
4 2.55919 0.0173214 5.54542 
5 2.25476 0.0755625 4.90114 
6 1.95014 0.133772 4.25634 
7 1.64472 0.191664 3.60931 
8 1.3351 0.246701 2.95074 
9 1.01289 0.285571 2.25075 
10 0.710613 0.295585 1.55115 
11 0.514639 0.340335 1.06745 
12 0.370619 0.438967 0.723104 
13 0.227895 0.559657 0.390275 
14 0.0867028 0.700089 0.0490881 
15 -0.0272439 0.880752 -0.256979 
16 -0.0812412 1.08671 -0.409956 
17 -0.12255 1.24578 -0.457816 
18 -0.183179 1.37315 -0.515499 
19 -0.253243 1.49778 -0.585925 
20 -0.329676 1.62773 -0.661759 
21 -0.415536 1.76626 -0.74267 
22 -0.517186 1.91615 -0.829949 
23 -0.644284 2.07851 -0.92409 
24 -0.808708 2.24873 -1.02228 
25 -1.01889 2.41036 -1.11493 
26 -1.26858 2.53287 -1.18458 
27 -1.52984 2.58392 -1.21315 
28 -1.76578 2.55199 -1.19492 
29 -1.9544 2.45235 -1.1399 
30 -2.0957 2.30935 -1.06378 
31 -2.19984 2.13823 -0.978126 
32 -2.27388 1.94027 -0.888217 
33 -2.3144 1.70686 -0.795199 
34 -2.30591 1.42916 -0.699033 
35 -2.22813 1.11327 -0.601156 
36 -2.07442 0.79064 -0.505602 
37 -1.86519 0.504778 -0.417003 
38 -1.63609 0.282224 -0.337328 
39 -1.41476 0.121932 -0.265322 
40 -1.21197 0.00774295 -0.198347 
41 -1.02655 -0.0776789 -0.133961 
42 -0.851776 -0.147267 -0.0707063 
43 -0.678981 -0.208696 -0.00962948 
44 -0.502391 -0.262715 0.041575 
45 -0.330613 -0.300079 0.06585 
46 -0.189423 -0.309047 0.0518694 
47 -0.0917579 -0.293216 0.0139057 
48 -0.0239586 -0.266341 -0.0256922 
49 0.0304593 -0.236158 -0.0565548 
50 0.077854 -0.203263 -0.075713 
51 0.115025 -0.166012 -0.0793747 
52 0.130186 -0.125493 -0.0602491 
53 0.107437 -0.0913316 -0.0127399 
54 0.0437545 -0.08107 0.0544383 
55 -0.0393979 -0.104742 0.118712 
56 -0.117123 -0.156605 0.165569 
57 -0.180831 -0.227986 0.196789 
58 -0.232193 -0.317059 0.22057 
59 -0.273018 -0.427658 0.245107 
60 -0.301685 -0.564307 0.278293 
61 -0.313852 -0.726038 0.327991 
62 -0.30558 -0.901076 0.399694 
63 -0.277015 -1.06845 0.492594 
64 -0.233023 -1.20865 0.598658 
65 -0.179897 -1.31334 0.70651 
66 -0.122157 -1.38504 0.805579 
67 -0.0624668 -1.43055 0.886965 
68 -0.00357986 -1.45609 0.942607 
69 0.0500292 -1.46605 0.965629 
70 0.0922809 -1.46398 0.952626 
71 0.117468 -1.45362 0.906057 
72 0.122668 -1.43897 0.834126 
73 0.108711 -1.42355 0.747731 
74 0.0793114 -1.40947 0.65685 
75 0.0396325 -1.3971 0.568797 
76 -0.00436038 -1.38474 0.488624 
77 -0.0454458 -1.36843 0.420513 
78 -0.0743266 -1.34168 0.368802 
79 -0.0800587 -1.29633 0.337511 
80 -0.05333 -1.22547 0.328059 
81 0.00844808 -1.12747 0.336789 
82 0.0990825 -1.00725 0.355299 
83 0.207624 -0.872481 0.373918 
84 0.324324 -0.728487 0.384888 
85 0.442454 -0.576685 0.382896 
86 0.555089 -0.41814 0.364511 
87 0.651277 -0.259289 0.328993 
88 0.717636 -0.113722 0.280124 
89 0.746022 0.00421882 0.225773 
90 0.738981 0.0881619 0.17412 
91 0.707145 0.141564 0.130247 
92 0.663239 0.173266 0.0958171 
93 0.618643 0.193001 0.070606 
94 0.583246 0.209643 0.0539631 
95 0.566802 0.231453 0.0455799 
