4,75
1 -9.23568 1.98824 -0.771412 
2 -8.42467 1.86104 -0.746555 
3 -7.61315 1.73381 -0.72175 
4 -6.80052 1.60649 -0.697071 
5 -5.98548 1.47903 -0.672687 
6 -5.16532 1.35131 -0.649003 
7 -4.33462 1.22321 -0.626973 
8 -3.48352 1.0949 -0.608807 
9 -2.59773 0.967842 -0.599342 
10 -1.67041 0.847906 -0.607671 
11 -0.748985 0.750624 -0.644557 
12 0.00236646 0.698106 -0.705646 
13 0.407298 0.691436 -0.756446 
14 0.513224 0.700356 -0.766668 
15 0.498234 0.701246 -0.741096 
16 0.466596 0.691919 -0.697219 
17 0.442807 0.678632 -0.646456 
18 0.422167 0.668536 -0.593446 
19 0.394156 0.669477 -0.538406 
20 0.348341 0.691957 -0.477025 
21 0.277682 0.750234 -0.397471 
22 0.187391 0.858226 -0.276621 
23 0.109142 1.01434 -0.0843622 
24 0.0986912 1.18412 0.192726 
25 0.194447 1.31539 0.528606 
26 0.383832 1.38158 0.877819 
27 0.627076 1.39235 1.21244 
28 0.892465 1.36957 1.52775 
29 1.16447 1.33004 1.82904 
30 1.43766 1.2829 2.12234 
31 1.71082 1.23207 2.4118 
32 1.98421 1.17811 2.69978 
33 2.25834 1.11844 2.98719 
34 2.53277 1.04513 3.27253 
35 2.80239 0.939911 3.54732 
36 3.04785 0.767433 3.7845 
37 3.21918 0.477538 3.92095 
38 3.234 0.0433366 3.86158 
39 3.03673 -0.469369 3.55571 
40 2.67837 -0.916952 3.08239 
41 2.2745 -1.20712 2.58326 
42 1.90134 -1.34727 2.14021 
43 1.57635 -1.38388 1.7637 
44 1.29035 -1.35408 1.43549 
45 1.03045 -1.27517 1.13498 
46 0.788218 -1.14769 0.84688 
47 0.562705 -0.959924 0.563229 
48 0.363368 -0.69634 0.287232 
49 0.210865 -0.358689 0.0390793 
50 0.125922 0.00564462 -0.14778 
51 0.106274 0.313247 -0.252726 
52 0.122775 0.509884 -0.290155 
53 0.145417 0.604395 -0.292819 
54 0.16076 0.635053 -0.284955 
55 0.167707 0.63413 -0.276692 
56 0.169046 0.619734 -0.270283 
57 0.167367 0.600127 -0.265405 
58 0.164147 0.578591 -0.261383 
59 0.159793 0.556153 -0.257751 
60 0.153542 0.532628 -0.25423 
61 0.14268 0.506511 -0.250538 
62 0.120831 0.473916 -0.246031 
63 0.0760343 0.426899 -0.239053 
64 -0.00732734 0.353502 -0.226152 
65 -0.134693 0.245352 -0.202669 
66 -0.280434 0.112891 -0.166721 
67 -0.396174 -0.0142706 -0.12288 
68 -0.452219 -0.112367 -0.0785448 
69 -0.45234 -0.178007 -0.0380389 
70 -0.414407 -0.219289 -0.00200557 
71 -0.354204 -0.245169 0.030467 
72 -0.281747 -0.261914 0.06044 
73 -0.202667 -0.273279 0.0886965 
74 -0.120033 -0.281375 0.115719 
75 -0.0355594 -0.287353 0.141754 
