4,80
1 0.0420264 -0.113364 -0.242847 
2 -0.0352722 0.0691294 0.440525 
3 -0.112575 0.251622 1.12413 
4 -0.189897 0.434116 1.80842 
5 -0.267282 0.61662 2.49466 
6 -0.34483 0.799182 3.18637 
7 -0.422655 0.982 3.89223 
8 -0.500318 1.16583 4.62934 
9 -0.574141 1.35298 5.41126 
10 -0.631639 1.54782 6.17316 
11 -0.658867 1.75077 6.7076 
12 -0.667027 1.95332 6.93561 
13 -0.67593 2.15052 7.0225 
14 -0.689777 2.34422 7.0892 
15 -0.705743 2.53713 7.16133 
16 -0.721221 2.73144 7.23032 
17 -0.735439 2.92981 7.27445 
18 -0.75124 3.13588 7.25822 
19 -0.777248 3.35218 7.14561 
20 -0.822943 3.57517 6.94779 
21 -0.886698 3.79682 6.73264 
22 -0.958055 4.01368 6.54921 
23 -1.02939 4.22794 6.3983 
24 -1.09784 4.4428 6.26471 
25 -1.16244 4.66045 6.13757 
26 -1.22252 4.88188 6.01225 
27 -1.27776 5.10688 5.8879 
28 -1.3286 5.33378 5.7657 
29 -1.37672 5.55938 5.64791 
30 -1.42516 5.77949 5.53705 
31 -1.47803 5.99018 5.435 
32 -1.5401 6.1894 5.34226 
33 -1.61668 6.37824 5.25759 
34 -1.71385 6.56093 5.17846 
35 -1.83675 6.74261 5.10234 
36 -1.98088 6.92145 5.0301 
37 -2.11233 7.07438 4.97126 
38 -2.16035 7.15406 4.94373 
39 -2.06896 7.12776 4.95773 
40 -1.85587 7.01562 5.00279 
41 -1.58002 6.86288 5.06064 
42 -1.28425 6.70001 5.12012 
43 -0.984592 6.53772 5.17794 
44 -0.681133 6.37565 5.23486 
45 -0.365762 6.2075 5.29374 
46 -0.0245281 6.02112 5.35982 
47 0.359812 5.7966 5.44181 
48 0.795058 5.51047 5.55061 
49 1.25258 5.15855 5.6898 
50 1.66435 4.7809 5.84386 
51 1.98255 4.43367 5.98838 
52 2.21815 4.13764 6.11278 
53 2.40664 3.88046 6.22105 
54 2.57448 3.64376 6.32055 
55 2.73466 3.41481 6.41662 
56 2.89217 3.18628 6.51236 
57 3.04793 2.95387 6.6095 
58 3.20034 2.71471 6.70894 
59 3.34494 2.46727 6.81066 
60 3.47341 2.2128 6.91294 
61 3.57325 1.95817 7.01107 
62 3.63115 1.71836 7.09684 
63 3.64165 1.5132 7.16112 
64 3.61465 1.35629 7.19965 
65 3.5711 1.24561 7.21639 
66 3.52959 1.16701 7.22013 
67 3.49861 1.10497 7.21878 
68 3.47828 1.04895 7.217 
69 3.4652 0.993592 7.21672 
70 3.45558 0.936787 7.21844 
71 3.4465 0.877952 7.22208 
72 3.43604 0.817082 7.22744 
73 3.42312 0.754341 7.23431 
74 3.4072 0.689922 7.24251 
75 3.38815 0.624001 7.2519 
76 3.36604 0.556744 7.26234 
77 3.34107 0.488304 7.27371 
78 3.31352 0.418825 7.28588 
79 3.28369 0.348446 7.29875 
80 3.25189 0.277301 7.31221 
