4,100
1 0.0714177 0.197323 -0.120366 
2 -0.154252 -0.381342 0.2669 
3 -0.379999 -0.960207 0.654251 
4 -0.605874 -1.5394 1.04174 
5 -0.831973 -2.11918 1.42944 
6 -1.05848 -2.70003 1.81755 
7 -1.28581 -3.28309 2.20643 
8 -1.51507 -3.87154 2.59718 
9 -1.74959 -4.47581 2.9933 
10 -1.99471 -5.11733 3.39878 
11 -2.22709 -5.74798 3.77248 
12 -2.36434 -6.12978 3.9993 
13 -2.42601 -6.27898 4.12234 
14 -2.48184 -6.39352 4.23994 
15 -2.54646 -6.52946 4.36573 
16 -2.61672 -6.69117 4.48603 
17 -2.68254 -6.87458 4.57109 
18 -2.71522 -7.03244 4.57637 
19 -2.69361 -7.07111 4.53063 
20 -2.65428 -7.0165 4.52553 
21 -2.62094 -6.94324 4.56039 
22 -2.59067 -6.86808 4.60883 
23 -2.56001 -6.78953 4.66192 
24 -2.52766 -6.70576 4.71838 
25 -2.49286 -6.6154 4.77852 
26 -2.45482 -6.51695 4.84291 
27 -2.41257 -6.40878 4.91216 
28 -2.36497 -6.28906 4.98689 
29 -2.31073 -6.15592 5.06763 
30 -2.24841 -6.00756 5.15474 
31 -2.17657 -5.84251 5.24833 
32 -2.09386 -5.65982 5.3481 
33 -1.99916 -5.45927 5.45335 
34 -1.8917 -5.24131 5.56301 
35 -1.77102 -5.0066 5.67582 
36 -1.63688 -4.75503 5.7907 
37 -1.48898 -4.48423 5.90711 
38 -1.32686 -4.18781 6.02531 
39 -1.15021 -3.85432 6.1462 
40 -0.959814 -3.46835 6.27051 
41 -0.75931 -3.01523 6.3974 
42 -0.556508 -2.48927 6.52316 
43 -0.362814 -1.90104 6.64119 
44 -0.189974 -1.27731 6.74397 
45 -0.0459611 -0.651715 6.82598 
46 0.0671153 -0.0523135 6.88542 
47 0.152051 0.505544 6.92384 
48 0.214033 1.01908 6.94456 
49 0.258375 1.49405 6.95107 
50 0.289197 1.94054 6.94605 
51 0.308879 2.37005 6.93096 
52 0.317858 2.79379 6.90591 
53 0.31454 3.22105 6.86973 
54 0.295406 3.65656 6.82037 
55 0.255784 4.09628 6.7559 
56 0.191973 4.52299 6.67645 
57 0.104556 4.9067 6.58624 
58 0.000682151 5.21513 6.49383 
59 -0.1078 5.4302 6.40899 
60 -0.209753 5.55671 6.33823 
61 -0.29902 5.61576 6.28293 
62 -0.374683 5.63179 6.24071 
63 -0.438844 5.62403 6.2078 
64 -0.494429 5.60443 6.18067 
65 -0.543963 5.579 6.1566 
66 -0.589124 5.5498 6.13373 
67 -0.630633 5.51612 6.11092 
68 -0.668217 5.47511 6.08778 
69 -0.700521 5.42172 6.06489 
70 -0.725066 5.34877 6.04429 
71 -0.738523 5.24786 6.02993 
72 -0.737715 5.11205 6.02754 
73 -0.721405 4.94025 6.04317 
74 -0.691884 4.74047 6.08039 
75 -0.654717 4.52808 6.13809 
76 -0.616363 4.31918 6.21104 
77 -0.581609 4.12449 6.29263 
78 -0.552618 3.94777 6.37745 
79 -0.529507 3.78787 6.46222 
80 -0.511367 3.64151 6.54548 
81 -0.497037 3.50516 6.6269 
82 -0.485528 3.3759 6.70673 
83 -0.47623 3.25178 6.7855 
84 -0.469106 3.1319 6.864 
85 -0.46504 3.0167 6.94331 
86 -0.466397 2.90832 7.02491 
87 -0.477596 2.81076 7.11027 
88 -0.504523 2.72859 7.19956 
89 -0.550775 2.66241 7.2891 
90 -0.611478 2.6034 7.3707 
91 -0.672727 2.53557 7.43622 
92 -0.721091 2.447 7.48379 
93 -0.751702 2.33616 7.51761 
94 -0.766818 2.20813 7.54326 
95 -0.770919 2.06891 7.56488 
96 -0.767904 1.92298 7.58481 
97 -0.760456 1.77318 7.60421 
98 -0.750255 1.62116 7.6236 
99 -0.738309 1.46788 7.64322 
100 -0.725215 1.31388 7.66319 
