4,117
1 0.0101313 -0.0475875 -0.0913565 
2 -0.0424782 0.109524 0.539048 
3 -0.0952066 0.267051 1.17125 
4 -0.148095 0.425139 1.80591 
5 -0.201206 0.584007 2.44405 
6 -0.254621 0.743957 3.08712 
7 -0.308443 0.90537 3.73709 
8 -0.362757 1.06859 4.39617 
9 -0.4175 1.23352 5.06541 
10 -0.472108 1.39841 5.74043 
11 -0.524727 1.55725 6.40085 
12 -0.571137 1.69592 6.99396 
13 -0.605112 1.79317 7.43383 
14 -0.62301 1.83587 7.65798 
15 -0.628742 1.83636 7.70224 
16 -0.630262 1.82133 7.66808 
17 -0.632708 1.80852 7.63012 
18 -0.63731 1.80258 7.61244 
19 -0.643559 1.80212 7.61336 
20 -0.650689 1.80487 7.62578 
21 -0.658094 1.80924 7.64425 
22 -0.665262 1.81447 7.66576 
23 -0.671553 1.8204 7.68903 
24 -0.675878 1.82742 7.71368 
25 -0.676219 1.83669 7.73964 
26 -0.668932 1.8506 7.76656 
27 -0.647878 1.8735 7.79299 
28 -0.603876 1.91244 7.81517 
29 -0.525726 1.97685 7.8258 
30 -0.404466 2.07586 7.81412 
31 -0.240417 2.21283 7.76932 
32 -0.0474647 2.38084 7.68642 
33 0.151839 2.5649 7.56962 
34 0.337298 2.75 7.42934 
35 0.498099 2.92768 7.27599 
36 0.632005 3.09698 7.11615 
37 0.740849 3.26202 6.95233 
38 0.826625 3.42949 6.78455 
39 0.889385 3.60688 6.61228 
40 0.926712 3.80104 6.43632 
41 0.934631 4.01616 6.26051 
42 0.910048 4.25112 6.09262 
43 0.854016 4.49779 5.94306 
44 0.773618 4.74269 5.82105 
45 0.680265 4.97232 5.73049 
46 0.585261 5.17854 5.6687 
47 0.496115 5.36021 5.62884 
48 0.41578 5.5211 5.60336 
49 0.343985 5.66682 5.58619 
50 0.278971 5.8028 5.57331 
51 0.218661 5.93357 5.56237 
52 0.161208 6.06285 5.55216 
53 0.105155 6.19395 5.54216 
54 0.049496 6.32983 5.53248 
55 -0.00607652 6.47227 5.52403 
56 -0.0604716 6.61883 5.51929 
57 -0.109849 6.75664 5.52339 
58 -0.146215 6.85441 5.54469 
59 -0.158293 6.86221 5.59258 
60 -0.137266 6.73298 5.67134 
61 -0.0841215 6.457 5.77489 
62 -0.00972847 6.07048 5.88995 
63 0.0729214 5.62687 6.00454 
64 0.155056 5.16704 6.11261 
65 0.232883 4.71154 6.21311 
66 0.305607 4.26632 6.30749 
67 0.373498 3.82956 6.39822 
68 0.436537 3.39526 6.48829 
69 0.493094 2.95387 6.58165 
70 0.537681 2.49119 6.68374 
71 0.557032 1.9877 6.80122 
72 0.526143 1.42425 6.93833 
73 0.413298 0.80197 7.08767 
74 0.20578 0.166593 7.2226 
75 -0.0645659 -0.408553 7.31099 
76 -0.342683 -0.882755 7.34205 
77 -0.59396 -1.26887 7.32863 
78 -0.813036 -1.60133 7.28883 
79 -1.0081 -1.90881 7.23488 
80 -1.18879 -2.20867 7.17249 
81 -1.36216 -2.51011 7.10312 
82 -1.53226 -2.81734 7.02585 
83 -1.7002 -3.13046 6.93834 
84 -1.86364 -3.44398 6.838 
85 -2.01585 -3.74403 6.72397 
86 -2.14645 -4.00837 6.60013 
87 -2.24621 -4.21525 6.4764 
88 -2.31414 -4.35871 6.36445 
89 -2.35864 -4.45367 6.27025 
90 -2.39085 -4.52354 6.19191 
91 -2.4184 -4.58618 6.12369 
92 -2.44441 -4.65034 6.0603 
93 -2.46935 -4.71848 5.99845 
94 -2.49278 -4.79036 5.9366 
95 -2.51421 -4.86488 5.8743 
96 -2.53335 -4.94087 5.81164 
97 -2.55011 -5.01732 5.74897 
98 -2.56458 -5.09339 5.68664 
99 -2.57694 -5.1684 5.62503 
100 -2.58741 -5.24183 5.56442 
101 -2.59625 -5.31331 5.50501 
102 -2.6037 -5.38259 5.44696 
103 -2.61002 -5.44953 5.39033 
104 -2.61542 -5.51409 5.33515 
105 -2.6201 -5.57628 5.28141 
106 -2.62424 -5.63619 5.22904 
107 -2.62798 -5.69393 5.17798 
108 -2.63144 -5.74962 5.12815 
109 -2.63473 -5.8034 5.07947 
110 -2.63793 -5.85542 5.03185 
111 -2.64111 -5.90581 4.9852 
112 -2.64433 -5.9547 4.93945 
113 -2.64763 -6.00221 4.89453 
114 -2.65106 -6.04844 4.85036 
115 -2.65465 -6.09349 4.8069 
116 -2.65843 -6.13743 4.76409 
117 -2.66242 -6.18034 4.7219 
