3,3,95
0.0829813 -0.0297571 -0.00654016 
-0.0297571 0.0382947 0.00810835 
-0.00654016 0.00810835 0.0380858 
0.0829808 -0.0297569 -0.00654012 
-0.0297569 0.0382945 0.0081083 
-0.00654012 0.0081083 0.0380856 
0.0829796 -0.0297565 -0.00654003 
-0.0297565 0.0382939 0.00810819 
-0.00654003 0.00810819 0.038085 
0.0829763 -0.0297553 -0.00653976 
-0.0297553 0.0382923 0.00810786 
-0.00653976 0.00810786 0.0380835 
0.0829658 -0.0297515 -0.00653894 
-0.0297515 0.0382875 0.00810684 
-0.00653894 0.00810684 0.0380787 
0.082925 -0.0297369 -0.00653572 
-0.0297369 0.0382687 0.00810284 
-0.00653572 0.00810284 0.03806 
0.0826654 -0.0296439 -0.0065152 
-0.0296439 0.0381492 0.00807741 
-0.0065152 0.00807741 0.0379409 
0.0804798 -0.0288589 -0.0063413 
-0.0288589 0.0371478 0.00786159 
-0.0063413 0.00786159 0.0369394 
0.0660337 -0.023545 -0.00512207 
-0.023545 0.0307811 0.00633759 
-0.00512207 0.00633759 0.0304113 
0.0290689 -0.00796261 -0.000927688 
-0.00796261 0.0183404 0.000934309 
-0.000927688 0.000934309 0.0151221 
0.0128956 0.00359292 0.0034649 
0.00359292 0.0220512 -0.00500866 
0.0034649 -0.00500866 0.0118031 
0.0130383 0.00651341 0.00515286 
0.00651341 0.028324 -0.00736762 
0.00515286 -0.00736762 0.0140628 
0.0133482 0.00613197 0.00551595 
0.00613197 0.0305539 -0.00785173 
0.00551595 -0.00785173 0.0144614 
0.0134392 0.00108183 0.00598415 
0.00108183 0.0364743 -0.00834152 
0.00598415 -0.00834152 0.0136116 
0.022911 -0.024963 0.0123392 
-0.024963 0.0916194 -0.0163429 
0.0123392 -0.0163429 0.0181027 
0.0599276 -0.0908293 0.0343045 
-0.0908293 0.267654 -0.0447602 
0.0343045 -0.0447602 0.0424847 
0.0863453 -0.132724 0.0495718 
-0.132724 0.387668 -0.0646348 
0.0495718 -0.0646348 0.0608559 
0.0911524 -0.140133 0.0523258 
-0.140133 0.409242 -0.0682255 
0.0523258 -0.0682255 0.0642289 
0.0906744 -0.139346 0.052026 
-0.139346 0.406953 -0.0678369 
0.052026 -0.0678369 0.0638695 
0.0889789 -0.136588 0.0509786 
-0.136588 0.398922 -0.0664778 
0.0509786 -0.0664778 0.0626091 
0.0861703 -0.131822 0.0491481 
-0.131822 0.385078 -0.0641104 
0.0491481 -0.0641104 0.0604366 
0.0818999 -0.123945 0.0460567 
-0.123945 0.362289 -0.0601367 
0.0460567 -0.0601367 0.0568601 
0.0762964 -0.111594 0.0410183 
-0.111594 0.326834 -0.0537295 
0.0410183 -0.0537295 0.0512965 
0.0713591 -0.0940786 0.0333445 
-0.0940786 0.277312 -0.0441547 
0.0333445 -0.0441547 0.0435265 
0.0729237 -0.0732698 0.0229232 
-0.0732698 0.220355 -0.0315744 
0.0229232 -0.0315744 0.0345925 
0.0899329 -0.0548814 0.0109705 
-0.0548814 0.173968 -0.0179227 
0.0109705 -0.0179227 0.0273224 
0.126463 -0.0452571 -0.000136206 
-0.0452571 0.156666 -0.00629635 
-0.000136206 -0.00629635 0.0246218 
0.173659 -0.0451959 -0.00845253 
-0.0451959 0.168413 0.00139527 
-0.00845253 0.00139527 0.0264818 
0.216057 -0.0498558 -0.0136232 
-0.0498558 0.191954 0.00551144 
-0.0136232 0.00551144 0.0301906 
0.243876 -0.0543141 -0.0163277 
-0.0543141 0.21123 0.00738058 
-0.0163277 0.00738058 0.0332262 
0.254879 -0.0562462 -0.0172895 
-0.0562462 0.219164 0.00801034 
-0.0172895 0.00801034 0.0344828 
0.249405 -0.0549693 -0.0168339 
-0.0549693 0.213558 0.00783517 
-0.0168339 0.00783517 0.0336345 
0.227938 -0.0504405 -0.0148475 
-0.0504405 0.19309 0.00687742 
-0.0148475 0.00687742 0.0305365 
0.194401 -0.0437423 -0.0109282 
-0.0437423 0.158343 0.0049222 
-0.0109282 0.0049222 0.0254412 
0.162044 -0.038271 -0.0047953 
-0.038271 0.11629 0.00175275 
-0.0047953 0.00175275 0.0197169 
0.150064 -0.0385971 0.00307951 
-0.0385971 0.0803356 -0.00247437 
0.00307951 -0.00247437 0.0156631 
0.166141 -0.0460401 0.0112925 
-0.0460401 0.0602667 -0.00703473 
0.0112925 -0.00703473 0.01462 
0.19898 -0.0571579 0.0183329 
-0.0571579 0.0546878 -0.0110451 
0.0183329 -0.0110451 0.0158499 
0.232552 -0.0676673 0.0234889 
-0.0676673 0.0564109 -0.0140327 
0.0234889 -0.0140327 0.017812 
0.258126 -0.0754278 0.0268328 
-0.0754278 0.0598466 -0.0159904 
0.0268328 -0.0159904 0.0195082 
0.273129 -0.0799232 0.0286596 
-0.0799232 0.0623544 -0.017065 
0.0286596 -0.017065 0.0205506 
0.27506 -0.0805205 0.028956 
-0.0805205 0.0624695 -0.0172327 
0.028956 -0.0172327 0.0206711 
0.256085 -0.0749258 0.0270032 
-0.0749258 0.0581211 -0.0160358 
0.0270032 -0.0160358 0.0192916 
0.203963 -0.0593493 0.0216051 
-0.0593493 0.0467108 -0.0126217 
0.0216051 -0.0126217 0.0157196 
0.123889 -0.0346621 0.0134982 
-0.0346621 0.0302637 -0.00701569 
0.0134982 -0.00701569 0.0110488 
0.0567984 -0.0123949 0.00712791 
-0.0123949 0.0186611 -0.00157414 
0.00712791 -0.00157414 0.0088485 
0.0274655 -0.000884858 0.00481585 
-0.000884857 0.0160324 0.00163859 
0.00481585 0.00163859 0.00980869 
0.020234 0.00314418 0.00455398 
0.00314418 0.0170691 0.00299025 
0.00455398 0.00299025 0.011344 
0.0188745 0.00425501 0.00456023 
0.00425501 0.0179252 0.0034101 
0.00456023 0.0034101 0.0120467 
0.0177353 0.0043559 0.00424033 
0.0043559 0.017966 0.00337139 
0.00424033 0.00337139 0.01182 
0.0155098 0.00406118 0.00330523 
0.00406118 0.0181738 0.00306354 
0.00330523 0.00306354 0.0109886 
0.012364 0.00383513 0.00134108 
0.00383513 0.0218493 0.002713 
0.00134108 0.002713 0.0105796 
0.00994924 0.00449455 -0.00203947 
0.00449455 0.0352517 0.00281881 
-0.00203947 0.00281881 0.0128662 
0.0102516 0.00654552 -0.00635917 
0.00654552 0.0604603 0.00375825 
-0.00635917 0.00375825 0.0192287 
0.0124718 0.0089717 -0.0100215 
0.0089717 0.0865959 0.00498319 
-0.0100215 0.00498319 0.0267247 
0.0142213 0.0103894 -0.0119202 
0.0103894 0.101832 0.00562288 
-0.0119202 0.00562288 0.0315914 
0.0146455 0.0104821 -0.0121723 
0.0104821 0.105091 0.00533668 
-0.0121723 0.00533668 0.0335573 
0.0140758 0.00941589 -0.0112093 
0.00941588 0.100302 0.00391885 
-0.0112093 0.00391885 0.0345655 
0.0130591 0.00714332 -0.00919836 
0.00714332 0.0912209 0.000726599 
-0.00919836 0.000726599 0.0375815 
0.0122902 0.00332083 -0.00609078 
0.00332083 0.0819174 -0.00552669 
-0.00609078 -0.00552669 0.0471317 
0.0127204 -0.00239325 -0.00191437 
-0.00239325 0.0780577 -0.0163532 
-0.00191437 -0.0163532 0.0689166 
0.0151015 -0.00973838 0.0028914 
-0.00973838 0.0847567 -0.0319555 
0.0028914 -0.0319555 0.105551 
0.0190457 -0.0173917 0.00738474 
-0.0173917 0.101173 -0.0494786 
0.00738474 -0.0494786 0.150445 
0.0229232 -0.0234782 0.0105172 
-0.0234782 0.119296 -0.06382 
0.0105172 -0.06382 0.189019 
0.0251259 -0.0267924 0.0116634 
-0.0267924 0.130602 -0.0710212 
0.0116634 -0.0710212 0.20889 
0.0251522 -0.0274021 0.0107251 
-0.0274021 0.132303 -0.0703479 
0.0107251 -0.0703479 0.207031 
0.0235811 -0.0263436 0.00788384 
-0.0263436 0.127572 -0.0636762 
0.00788384 -0.0636762 0.188516 
0.0215665 -0.0251001 0.00340991 
-0.0251001 0.122849 -0.0541351 
0.00340991 -0.0541351 0.162471 
0.0203578 -0.0251344 -0.00232518 
-0.0251344 0.124971 -0.0450949 
-0.00232518 -0.0450949 0.138829 
0.0208107 -0.0273448 -0.00875511 
-0.0273448 0.138109 -0.0391821 
-0.00875511 -0.0391821 0.125181 
0.0229793 -0.0315994 -0.0151281 
-0.0315994 0.161354 -0.0373357 
-0.0151281 -0.0373357 0.123871 
0.0261358 -0.0368061 -0.0206875 
-0.0368061 0.189103 -0.0386546 
-0.0206875 -0.0386546 0.131637 
0.0292659 -0.0415396 -0.0248931 
-0.0415396 0.214316 -0.0412902 
-0.0248931 -0.0412902 0.142471 
0.031608 -0.0446312 -0.0274977 
-0.0446312 0.231689 -0.0435446 
-0.0274977 -0.0435446 0.150986 
0.032916 -0.0452519 -0.0284599 
-0.0452519 0.238658 -0.0443726 
-0.0284599 -0.0443726 0.153835 
0.0336021 -0.0425555 -0.0278259 
-0.0425555 0.235075 -0.043352 
-0.0278259 -0.043352 0.149399 
0.0351222 -0.0351698 -0.0257289 
-0.0351698 0.223576 -0.0406257 
-0.0257289 -0.0406257 0.137358 
0.0406946 -0.0208338 -0.0225717 
-0.0208338 0.211636 -0.0371269 
-0.0225717 -0.0371269 0.119152 
0.0555479 0.00326794 -0.0192702 
0.00326794 0.213385 -0.0348671 
-0.0192702 -0.0348671 0.0990152 
0.0848503 0.0387307 -0.0171523 
0.0387307 0.245608 -0.0364398 
-0.0171523 -0.0364398 0.083553 
0.128981 0.08324 -0.0172019 
0.08324 0.315327 -0.0432454 
-0.0172019 -0.0432454 0.0781229 
0.180694 0.129918 -0.019255 
0.129918 0.410072 -0.053952 
-0.019255 -0.053952 0.0827536 
0.228471 0.170322 -0.0221423 
0.170322 0.504085 -0.0652 
-0.0221423 -0.0652 0.0924905 
0.262066 0.197794 -0.0245127 
0.197794 0.572408 -0.073574 
-0.0245127 -0.073574 0.101212 
0.274543 0.208085 -0.0253552 
0.208085 0.597497 -0.0766279 
-0.0253552 -0.0766279 0.104247 
0.262394 0.199123 -0.0241161 
0.199123 0.570125 -0.0730581 
-0.0241161 -0.0730581 0.0990063 
0.227776 0.172799 -0.0208714 
0.172799 0.493994 -0.063277 
-0.0208714 -0.063277 0.0856499 
0.180661 0.136758 -0.0164753 
0.136758 0.39016 -0.0499529 
-0.0164753 -0.0499529 0.0676196 
0.134605 0.101343 -0.0121518 
0.101343 0.287921 -0.0368288 
-0.0121518 -0.0368288 0.0499105 
0.0986719 0.0735317 -0.00874237 
0.0735317 0.207299 -0.0264706 
-0.00874237 -0.0264706 0.03596 
0.0747022 0.0548364 -0.00643754 
0.0548364 0.152818 -0.0194629 
-0.00643754 -0.0194629 0.0265394 
0.0604922 0.0436645 -0.00505204 
0.0436645 0.120082 -0.0152473 
-0.00505203 -0.0152473 0.0208823 
0.0532874 0.0379619 -0.00434127 
0.0379619 0.103295 -0.0130835 
-0.00434127 -0.0130835 0.0179828 
0.0512971 0.0363799 -0.00414348 
0.0363799 0.0986248 -0.0124812 
-0.00414348 -0.0124812 0.0171763 
0.0539892 0.038516 -0.00441019 
0.038516 0.104923 -0.0132933 
-0.00441019 -0.0132933 0.018264 
