4,75
1 0.258801 -0.0790183 0.0179969 
2 -0.530807 0.10837 -0.05469 
3 -1.3205 0.29576 -0.127401 
4 -2.11044 0.483158 -0.200172 
5 -2.90116 0.670587 -0.273113 
6 -3.69441 0.858124 -0.346582 
7 -4.49533 1.04599 -0.421719 
8 -5.31616 1.23469 -0.501951 
9 -6.17292 1.4245 -0.595835 
10 -7.0336 1.6123 -0.715491 
11 -7.71849 1.78716 -0.851327 
12 -8.08164 1.94302 -0.961009 
13 -8.26223 2.08951 -1.03444 
14 -8.41303 2.23415 -1.09599 
15 -8.57408 2.37697 -1.16793 
16 -8.73663 2.51458 -1.26942 
17 -8.87131 2.64177 -1.42048 
18 -8.93018 2.75487 -1.6243 
19 -8.88192 2.86098 -1.82779 
20 -8.77011 2.97688 -1.95024 
21 -8.66427 3.10896 -1.98099 
22 -8.58486 3.25131 -1.96227 
23 -8.52231 3.39781 -1.92612 
24 -8.46675 3.54567 -1.88539 
25 -8.41378 3.6941 -1.84401 
26 -8.36242 3.84326 -1.80342 
27 -8.31349 3.99413 -1.76478 
28 -8.26901 4.14908 -1.72938 
29 -8.23147 4.31319 -1.69709 
30 -8.20027 4.49569 -1.66069 
31 -8.16187 4.7087 -1.59318 
32 -8.07709 4.95638 -1.438 
33 -7.89323 5.21746 -1.13772 
34 -7.59487 5.45222 -0.698822 
35 -7.22097 5.63863 -0.189882 
36 -6.81877 5.78269 0.328888 
37 -6.41235 5.89935 0.835512 
38 -6.0065 5.99909 1.33206 
39 -5.59713 6.08538 1.82927 
40 -5.17713 6.1548 2.34008 
41 -4.73979 6.19583 2.87646 
42 -4.28506 6.1872 3.44201 
43 -3.83197 6.10252 4.01512 
44 -3.42803 5.93198 4.53365 
45 -3.12661 5.70951 4.92171 
46 -2.93826 5.49663 5.15697 
47 -2.8263 5.33104 5.28347 
48 -2.74836 5.21242 5.3579 
49 -2.6801 5.12489 5.41476 
50 -2.61226 5.05431 5.46803 
51 -2.54231 4.9924 5.52163 
52 -2.46962 4.93566 5.57598 
53 -2.39356 4.88372 5.63045 
54 -2.31303 4.83875 5.68392 
55 -2.22653 4.80563 5.73444 
56 -2.13278 4.79251 5.77849 
57 -2.03223 4.8105 5.81045 
58 -1.92929 4.87057 5.82301 
59 -1.83385 4.97595 5.81026 
60 -1.75869 5.1145 5.77242 
61 -1.71258 5.26103 5.71789 
62 -1.69526 5.39103 5.6587 
63 -1.69954 5.49216 5.604 
64 -1.71688 5.56433 5.5576 
65 -1.7408 5.61352 5.51948 
66 -1.76749 5.64662 5.48795 
67 -1.79503 5.66922 5.46115 
68 -1.82259 5.68522 5.43755 
69 -1.8499 5.69718 5.41602 
70 -1.87692 5.70668 5.39582 
71 -1.90366 5.71469 5.37646 
72 -1.93021 5.72181 5.35763 
73 -1.95661 5.72839 5.33912 
74 -1.9829 5.73464 5.32081 
75 -2.00913 5.7407 5.30263 
