4,110
1 -0.0118746 0.0849562 0.0895965 
2 -0.0720415 0.539887 0.517672 
3 -0.132138 0.995606 0.94647 
4 -0.192133 1.45237 1.37621 
5 -0.251974 1.91056 1.80719 
6 -0.311577 2.37066 2.23984 
7 -0.370799 2.83335 2.67467 
8 -0.429398 3.29946 3.11228 
9 -0.486963 3.76985 3.55317 
10 -0.542789 4.245 3.99725 
11 -0.595689 4.72376 4.44255 
12 -0.643762 5.20065 4.88248 
13 -0.684288 5.6605 5.30081 
14 -0.71432 6.07143 5.66559 
15 -0.732818 6.38402 5.93015 
16 -0.743831 6.55239 6.05529 
17 -0.756622 6.57377 6.04622 
18 -0.779947 6.49914 5.95761 
19 -0.816688 6.39273 5.8516 
20 -0.864787 6.29353 5.76274 
21 -0.920974 6.21275 5.69852 
22 -0.982895 6.1476 5.65406 
23 -1.04947 6.09197 5.62214 
24 -1.12057 6.04073 5.59698 
25 -1.19671 5.99055 5.57461 
26 -1.27881 5.93964 5.55241 
27 -1.36802 5.88725 5.52849 
28 -1.4657 5.83335 5.5012 
29 -1.57326 5.77841 5.46895 
30 -1.69209 5.72337 5.43005 
31 -1.8234 5.66953 5.38272 
32 -1.96806 5.61854 5.32518 
33 -2.12647 5.57233 5.25575 
34 -2.29844 5.53294 5.17298 
35 -2.48319 5.5024 5.07578 
36 -2.67951 5.48247 4.96341 
37 -2.886 5.47456 4.83536 
38 -3.10147 5.47958 4.6911 
39 -3.32525 5.49789 4.52978 
40 -3.5575 5.52934 4.34982 
41 -3.79929 5.57314 4.14874 
42 -4.05227 5.6278 3.92318 
43 -4.31814 5.6908 3.6695 
44 -4.59754 5.75829 3.3849 
45 -4.8889 5.8249 3.0691 
46 -5.18744 5.88405 2.72607 
47 -5.48518 5.92885 2.36481 
48 -5.77224 5.95354 1.99836 
49 -6.0392 5.95487 1.64105 
50 -6.27937 5.93265 1.30514 
51 -6.49 5.88927 0.998367 
52 -6.67205 5.82861 0.723413 
53 -6.82901 5.75477 0.478809 
54 -6.96554 5.67129 0.26054 
55 -7.08643 5.58068 0.0635021 
56 -7.19602 5.48437 -0.117516 
57 -7.29801 5.38277 -0.287311 
58 -7.39541 5.27538 -0.450086 
59 -7.49067 5.1609 -0.609429 
60 -7.5858 5.03726 -0.768344 
61 -7.68238 4.90176 -0.92923 
62 -7.7816 4.75121 -1.09373 
63 -7.88411 4.5823 -1.26239 
64 -7.98976 4.39231 -1.43419 
65 -8.09729 4.18019 -1.6059 
66 -8.20406 3.94789 -1.77165 
67 -8.30602 3.70153 -1.92314 
68 -8.39827 3.45166 -2.05074 
69 -8.47603 3.21183 -2.1457 
70 -8.53597 2.99571 -2.20245 
71 -8.57704 2.81388 -2.22009 
72 -8.60052 2.67175 -2.20214 
73 -8.60935 2.56959 -2.15509 
74 -8.60718 2.50391 -2.08644 
75 -8.59755 2.46943 -2.00324 
76 -8.58344 2.46061 -1.91139 
77 -8.56715 2.47259 -1.81554 
78 -8.55037 2.50152 -1.71933 
79 -8.53425 2.54452 -1.62573 
80 -8.51963 2.59947 -1.53737 
81 -8.50704 2.66477 -1.4567 
82 -8.49686 2.73902 -1.38612 
83 -8.48929 2.82089 -1.32794 
84 -8.48443 2.90889 -1.2843 
85 -8.48228 3.00131 -1.25703 
86 -8.48276 3.09604 -1.2474 
87 -8.48575 3.19049 -1.25586 
88 -8.49109 3.28153 -1.28171 
89 -8.49856 3.36552 -1.32276 
90 -8.50788 3.43857 -1.37512 
91 -8.5187 3.49715 -1.43341 
92 -8.53056 3.53874 -1.49148 
93 -8.54298 3.56249 -1.54344 
94 -8.55548 3.56938 -1.58481 
95 -8.56763 3.56186 -1.61313 
96 -8.57918 3.54315 -1.62798 
97 -8.58998 3.51659 -1.63043 
98 -8.59997 3.48503 -1.6224 
99 -8.60921 3.4507 -1.60606 
100 -8.61777 3.41516 -1.58342 
101 -8.62574 3.37942 -1.5562 
102 -8.63323 3.34407 -1.52572 
103 -8.64031 3.30942 -1.49301 
104 -8.64706 3.27559 -1.45878 
105 -8.65354 3.24262 -1.42356 
106 -8.6598 3.21045 -1.3877 
107 -8.6659 3.17901 -1.35145 
108 -8.67185 3.14823 -1.31498 
109 -8.67769 3.11803 -1.2784 
110 -8.68343 3.08832 -1.24178 
