4  7
0.136469  0.143981  0.152819  0.186856  0.126186  0.10205  0.15164  
8.00681  -0.435283  3.24306  3.06143  
26.0843  -1.21619  6.35026  5.28073  
37.523  -3.28297  5.2749  4.73784  
58.7393  -7.45202  5.24673  -0.567737  
76.4333  -8.57644  2.23663  -2.08416  
87.9439  -8.52498  3.52186  -1.14218  
101.043  -8.63928  3.30323  -1.55017  
18.7115  -1.12827  8.47399  7.97582  
-1.12827  0.110017  -0.496747  -0.501938  
8.47399  -0.496747  4.16772  3.4972  
7.97582  -0.501938  3.4972  3.59485  
44.2122  -2.26969  -0.96666  -0.999954  
-2.26969  0.399637  0.126533  0.0456512  
-0.96666  0.126533  0.0941963  -0.00945411  
-0.999954  0.0456512  -0.00945411  0.051506  
75.453  -11.8262  3.68804  -10.5505  
-11.8262  2.21853  -0.485741  1.83888  
3.68804  -0.485741  1.11618  -1.1154  
-10.5505  1.83888  -1.1154  2.05397  
50.2188  -3.65682  -4.11315  -5.81229  
-3.65682  0.71251  0.722832  0.810083  
-4.11315  0.722832  1.24318  0.458247  
-5.81229  0.810083  0.458247  1.94588  
49.7945  0.981339  0.579476  3.38166  
0.981339  0.290771  0.581112  0.700634  
0.579476  0.581112  1.71134  1.36154  
3.38166  0.700634  1.36154  1.74414  
54.8649  0.0260473  2.16768  -1.97018  
0.0260473  0.0274297  0.013825  0.0105862  
2.16768  0.013825  0.136995  -0.0995432  
-1.97018  0.0105862  -0.0995432  0.116122  
36.5239  -0.193583  -0.980374  1.31263  
-0.193583  0.0168153  0.0377188  0.00504094  
-0.980374  0.0377188  0.102834  -0.00894063  
1.31263  0.00504094  -0.00894063  0.136719  
