4,110
1 -0.789169 5.86951 5.55583 
2 -0.722534 5.38156 5.09222 
3 -0.655596 4.89201 4.62717 
4 -0.588281 4.40041 4.1603 
5 -0.52048 3.90607 3.691 
6 -0.452044 3.40795 3.21843 
7 -0.382805 2.9047 2.74145 
8 -0.312659 2.39473 2.25888 
9 -0.24183 1.87711 1.77037 
10 -0.171554 1.35416 1.27892 
11 -0.105587 0.837842 0.797021 
12 -0.0524114 0.361055 0.356801 
13 -0.0254171 -0.0165245 0.0141935 
14 -0.03502 -0.236795 -0.179444 
15 -0.076203 -0.302727 -0.232042 
16 -0.131138 -0.282842 -0.210734 
17 -0.185288 -0.245126 -0.178417 
18 -0.233845 -0.219585 -0.16098 
19 -0.277566 -0.20966 -0.159912 
20 -0.318438 -0.210404 -0.169651 
21 -0.358062 -0.216834 -0.185156 
22 -0.397485 -0.225751 -0.203369 
23 -0.437457 -0.235372 -0.22277 
24 -0.478707 -0.244653 -0.242737 
25 -0.522185 -0.252764 -0.263157 
26 -0.569304 -0.258735 -0.284273 
27 -0.622209 -0.261173 -0.30674 
28 -0.684072 -0.257996 -0.33184 
29 -0.75931 -0.246212 -0.361865 
30 -0.853425 -0.221897 -0.400594 
31 -0.971868 -0.180765 -0.453605 
32 -1.1172 -0.119882 -0.527757 
33 -1.28475 -0.0405983 -0.628972 
34 -1.45958 0.0489001 -0.758414 
35 -1.61943 0.134661 -0.909698 
36 -1.7443 0.202721 -1.07063 
37 -1.8251 0.245238 -1.22891 
38 -1.86443 0.261955 -1.37683 
39 -1.87132 0.257354 -1.51198 
40 -1.85562 0.237133 -1.63534 
41 -1.8253 0.206135 -1.74919 
42 -1.78576 0.167723 -1.85574 
43 -1.74028 0.123852 -1.95656 
44 -1.69057 0.0753345 -2.05229 
45 -1.63723 0.0220458 -2.14251 
46 -1.57999 -0.0369624 -2.22535 
47 -1.51783 -0.103419 -2.29702 
48 -1.44908 -0.179749 -2.35104 
49 -1.37147 -0.268738 -2.37746 
50 -1.28269 -0.37265 -2.36289 
51 -1.18141 -0.491523 -2.29257 
52 -1.06886 -0.620997 -2.15589 
53 -0.95007 -0.751244 -1.95435 
54 -0.833248 -0.86915 -1.70611 
55 -0.726647 -0.963555 -1.44094 
56 -0.635204 -1.02973 -1.18756 
57 -0.559477 -1.06968 -0.963525 
58 -0.497009 -1.08913 -0.773677 
59 -0.444316 -1.09431 -0.614577 
60 -0.398216 -1.09026 -0.479534 
61 -0.356306 -1.08033 -0.361797 
62 -0.316961 -1.06649 -0.255884 
63 -0.279158 -1.04959 -0.157839 
64 -0.242305 -1.02966 -0.0650482 
65 -0.206102 -1.006 0.0240054 
66 -0.170477 -0.977176 0.109931 
67 -0.135567 -0.94091 0.192484 
68 -0.101748 -0.893881 0.270477 
69 -0.0697124 -0.83161 0.34157 
70 -0.0405578 -0.748611 0.401997 
71 -0.01584 -0.639189 0.446476 
72 0.00253928 -0.499344 0.468689 
73 0.012763 -0.32983 0.462864 
74 0.0138787 -0.139167 0.426463 
75 0.00659706 0.0560128 0.362782 
76 -0.00654891 0.235341 0.281195 
77 -0.0220277 0.382 0.19407 
78 -0.0366055 0.48796 0.112292 
79 -0.0482251 0.55413 0.0424219 
80 -0.0561103 0.586929 -0.0134264 
81 -0.0603816 0.594473 -0.056119 
82 -0.0615969 0.584168 -0.0878732 
83 -0.0604274 0.561778 -0.111149 
84 -0.0574929 0.531365 -0.128091 
85 -0.053306 0.495564 -0.140318 
86 -0.0482747 0.455873 -0.14887 
87 -0.0427344 0.412857 -0.154175 
88 -0.0369947 0.366203 -0.155964 
89 -0.0313996 0.314675 -0.153104 
90 -0.0263997 0.256038 -0.143381 
91 -0.0226196 0.187236 -0.123412 
92 -0.0208648 0.105294 -0.089137 
93 -0.0219467 0.00953304 -0.0376089 
94 -0.0262285 -0.0952434 0.0297662 
95 -0.0330708 -0.197272 0.104557 
96 -0.0407789 -0.281633 0.173111 
97 -0.0473847 -0.337879 0.223216 
98 -0.051609 -0.364414 0.249665 
99 -0.0531546 -0.366402 0.254146 
100 -0.0523729 -0.351128 0.241671 
101 -0.0498298 -0.324917 0.217478 
102 -0.0460507 -0.29222 0.185688 
103 -0.0414384 -0.255838 0.149137 
104 -0.036274 -0.217425 0.109648 
105 -0.0307458 -0.177923 0.0683547 
106 -0.0249769 -0.137857 0.0259489 
107 -0.0190475 -0.0975129 -0.0171464 
108 -0.0130099 -0.0570459 -0.0606731 
109 -0.00689822 -0.0165376 -0.104472 
110 -0.000735299 0.0239702 -0.148444 
