3,3,110
0.0377454 0.0166253 -0.0156104 
0.0166253 0.251088 -0.130899 
-0.0156104 -0.130899 0.136442 
0.0376822 0.0165966 -0.0155828 
0.0165966 0.250655 -0.130673 
-0.0155828 -0.130673 0.136207 
0.037584 0.0165516 -0.0155393 
0.0165516 0.249975 -0.130318 
-0.0155393 -0.130318 0.135838 
0.0374334 0.0164819 -0.0154714 
0.0164819 0.248924 -0.129768 
-0.0154714 -0.129768 0.135268 
0.0372024 0.0163733 -0.0153643 
0.0163733 0.247285 -0.12891 
-0.0153643 -0.12891 0.134378 
0.0368457 0.0162009 -0.0151912 
0.0162009 0.244686 -0.127547 
-0.0151912 -0.127547 0.132969 
0.0362945 0.015922 -0.0149028 
0.015922 0.240485 -0.125339 
-0.0149028 -0.125339 0.130692 
0.0354602 0.015463 -0.0144046 
0.015463 0.23358 -0.121693 
-0.0144046 -0.121693 0.126956 
0.0342921 0.0147023 -0.0135092 
0.0147023 0.222163 -0.115615 
-0.0135092 -0.115615 0.120795 
0.033041 0.0134615 -0.0118371 
0.0134615 0.203627 -0.105601 
-0.0118371 -0.105601 0.110843 
0.0331137 0.0115597 -0.00862972 
0.0115597 0.175474 -0.0899411 
-0.00862973 -0.0899411 0.0958827 
0.0389151 0.00904656 -0.00254366 
0.00904656 0.13901 -0.0683541 
-0.00254368 -0.0683541 0.0769548 
0.0587684 0.00659234 0.00799401 
0.00659234 0.10524 -0.0450549 
0.007994 -0.0450549 0.0605637 
0.0979361 0.00530979 0.0228245 
0.00530979 0.0913254 -0.0283764 
0.0228245 -0.0283764 0.056245 
0.14652 0.00549906 0.0382403 
0.00549906 0.100426 -0.0223362 
0.0382403 -0.0223362 0.0649014 
0.186598 0.00630774 0.0498644 
0.00630774 0.117597 -0.0227231 
0.0498644 -0.0227231 0.0771791 
0.210827 0.00697429 0.0565945 
0.00697429 0.130608 -0.0244188 
0.0565945 -0.0244188 0.0860001 
0.222722 0.00733972 0.0598345 
0.00733972 0.137562 -0.0255657 
0.0598345 -0.0255657 0.0906314 
0.227816 0.00750307 0.0612106 
0.00750307 0.140641 -0.0261132 
0.0612106 -0.0261132 0.0926687 
0.229763 0.00756656 0.061735 
0.00756656 0.141834 -0.0263311 
0.061735 -0.0263311 0.0934559 
0.230368 0.00758639 0.0618976 
0.00758639 0.142206 -0.0263997 
0.0618976 -0.0263997 0.0937014 
0.230376 0.00758659 0.0618997 
0.00758659 0.14221 -0.0264004 
0.0618997 -0.0264004 0.0937049 
0.23002 0.00757481 0.0618043 
0.00757481 0.141991 -0.0263595 
0.0618043 -0.0263595 0.093562 
0.229285 0.00755033 0.0616069 
0.00755033 0.141536 -0.0262747 
0.0616069 -0.0262747 0.0932677 
0.22799 0.00750684 0.0612592 
0.00750684 0.140733 -0.0261244 
0.0612592 -0.0261244 0.0927548 
0.225789 0.00743193 0.0606688 
0.00743193 0.139364 -0.0258668 
0.0606688 -0.0258668 0.0919008 
0.222129 0.00730433 0.0596883 
0.00730433 0.137074 -0.0254316 
0.0596883 -0.0254316 0.0905315 
0.216206 0.00708919 0.0581048 
0.00708919 0.133332 -0.0247081 
0.0581048 -0.0247081 0.0884612 
0.207017 0.00673133 0.055658 
0.00673133 0.127423 -0.023532 
0.055658 -0.023532 0.0856563 
0.193712 0.00614789 0.0521413 
0.00614789 0.118587 -0.0216837 
0.0521413 -0.0216837 0.0826968 
0.176552 0.00522548 0.0476739 
0.00522548 0.106463 -0.0189214 
0.0476739 -0.0189214 0.0817483 
0.158569 0.00383489 0.0431619 
0.00383489 0.0919411 -0.0150824 
0.0431619 -0.0150824 0.0879092 
0.146793 0.00188247 0.0406253 
0.00188247 0.0779685 -0.0102482 
0.0406253 -0.0102482 0.10953 
0.150296 -0.000600185 0.0426081 
-0.000600185 0.0689992 -0.00486339 
0.0426081 -0.00486339 0.154808 
0.173953 -0.00338921 0.050395 
-0.00338921 0.0683147 0.000372424 
0.050395 0.000372424 0.224657 
0.213483 -0.00612415 0.0626346 
-0.00612415 0.0754204 0.00483305 
0.0626346 0.00483305 0.308874 
0.258255 -0.00847832 0.0761994 
-0.00847832 0.086654 0.00822947 
0.0761994 0.00822947 0.39171 
0.298612 -0.0102922 0.0883028 
-0.0102922 0.0980995 0.0106051 
0.0883028 0.0106051 0.461177 
0.329894 -0.0115738 0.0976348 
-0.0115738 0.107505 0.01217 
0.0976348 0.01217 0.512926 
0.351721 -0.0124197 0.104127 
-0.0124197 0.114273 0.0131562 
0.104127 0.0131562 0.548226 
0.365682 -0.0129427 0.108271 
-0.0129427 0.118677 0.0137509 
0.108271 0.0137509 0.570514 
0.373659 -0.0132341 0.110636 
-0.0132341 0.12122 0.0140844 
0.110636 0.0140844 0.583164 
0.37709 -0.0133539 0.111648 
-0.0133539 0.122326 0.0142401 
0.111648 0.0142401 0.588604 
0.376768 -0.0133295 0.111542 
-0.0133295 0.12224 0.0142695 
0.111542 0.0142695 0.588149 
0.372846 -0.0131572 0.110354 
-0.0131572 0.121027 0.0142108 
0.110354 0.0142108 0.582086 
0.364906 -0.0127971 0.10794 
-0.0127971 0.118595 0.0141155 
0.10794 0.0141155 0.569805 
0.352066 -0.01216 0.103993 
-0.01216 0.114763 0.0141021 
0.103993 0.0141021 0.550019 
0.333279 -0.0110787 0.0980983 
-0.0110787 0.109426 0.0144667 
0.0980983 0.0144667 0.521272 
0.308055 -0.00926362 0.0898947 
-0.00926362 0.102925 0.0158947 
0.0898947 0.0158947 0.483184 
0.27791 -0.00624998 0.0794166 
-0.00624998 0.0966935 0.0197826 
0.0794166 0.0197826 0.438842 
0.248286 -0.00139285 0.067607 
-0.00139285 0.0940251 0.0285001 
0.067607 0.0285001 0.397913 
0.229276 0.00596638 0.0566436 
0.00596638 0.100045 0.0450534 
0.0566436 0.0450534 0.37757 
0.232206 0.016062 0.0493728 
0.016062 0.119586 0.0715119 
0.0493728 0.0715119 0.396381 
0.262031 0.0282077 0.0476691 
0.0282077 0.153324 0.106743 
0.0476691 0.106743 0.461366 
0.312305 0.0408187 0.0510709 
0.0408187 0.195863 0.14582 
0.0510709 0.14582 0.559934 
0.369223 0.0521619 0.0572634 
0.0521619 0.238674 0.182481 
0.0572634 0.182481 0.667431 
0.420457 0.0611708 0.0637966 
0.0611708 0.275021 0.212377 
0.0637966 0.212377 0.762518 
0.460055 0.0676523 0.0692299 
0.0676523 0.302236 0.23424 
0.0692299 0.23424 0.835337 
0.48761 0.0719783 0.0731578 
0.0719783 0.320837 0.248977 
0.0731578 0.248977 0.885751 
0.505364 0.0746987 0.0757421 
0.0746987 0.332701 0.2583 
0.0757421 0.2583 0.918141 
0.516028 0.0763098 0.0773124 
0.0763098 0.339785 0.26384 
0.0773124 0.26384 0.937563 
0.521797 0.077175 0.0781676 
0.077175 0.343608 0.266821 
0.0781676 0.266821 0.948063 
0.524118 0.0775223 0.0785128 
0.0775223 0.345147 0.268018 
0.0785128 0.268018 0.952286 
0.523735 0.0774668 0.0784561 
0.0774668 0.344905 0.267825 
0.0784561 0.267825 0.951593 
0.52079 0.0770314 0.0780189 
0.0770314 0.342986 0.266317 
0.0780189 0.266317 0.946246 
0.514878 0.0761566 0.0771441 
0.0761566 0.339143 0.263289 
0.0771441 0.263289 0.935515 
0.505054 0.0747021 0.0756985 
0.0747021 0.332794 0.258251 
0.0756985 0.258251 0.917688 
0.489808 0.0724439 0.0734773 
0.0724439 0.323043 0.250423 
0.0734773 0.250423 0.890043 
0.467131 0.069082 0.0702266 
0.069082 0.308783 0.23875 
0.0702266 0.23875 0.848969 
0.434821 0.0642858 0.0657167 
0.0642858 0.289027 0.222054 
0.0657167 0.222054 0.790555 
0.391308 0.057813 0.0599085 
0.057813 0.263644 0.199432 
0.0599085 0.199432 0.712122 
0.337129 0.0497257 0.0532172 
0.0497257 0.234532 0.170983 
0.0532172 0.170983 0.614943 
0.276585 0.0406359 0.046753 
0.0406359 0.206669 0.138662 
0.046753 0.138662 0.507242 
0.21803 0.031756 0.0422192 
0.031756 0.187641 0.106507 
0.0422192 0.106507 0.404597 
0.171141 0.0245102 0.0412021 
0.0245102 0.18445 0.0793939 
0.0412021 0.0793939 0.324713 
0.142053 0.0198287 0.044188 
0.0198287 0.199142 0.0606869 
0.044188 0.0606869 0.278356 
0.130427 0.017708 0.0502096 
0.017708 0.227269 0.0506896 
0.0502096 0.0506896 0.264094 
0.131023 0.017424 0.0575061 
0.017424 0.260882 0.0472327 
0.0575061 0.0472327 0.271549 
0.137616 0.0180888 0.0645059 
0.0180888 0.292935 0.0474669 
0.0645059 0.0474669 0.288844 
0.145688 0.0190442 0.0703346 
0.0190442 0.319544 0.0491835 
0.0703346 0.0491835 0.307594 
0.152925 0.019942 0.0747624 
0.019942 0.339723 0.0511392 
0.0747624 0.0511392 0.3237 
0.158565 0.0206564 0.077927 
0.0206564 0.354129 0.0528126 
0.077927 0.0528126 0.335998 
0.162621 0.0211759 0.0800938 
0.0211759 0.363987 0.0540731 
0.0800938 0.0540731 0.344746 
0.165371 0.0215302 0.0815211 
0.0215302 0.370478 0.0549495 
0.0815211 0.0549495 0.35064 
0.1671 0.0217538 0.0824039 
0.0217538 0.374493 0.0555081 
0.0824039 0.0555081 0.354334 
0.167989 0.0218691 0.0828547 
0.0218691 0.376543 0.0557962 
0.0828547 0.0557962 0.35623 
0.16805 0.021878 0.0828896 
0.021878 0.376708 0.0558117 
0.0828896 0.0558117 0.356368 
0.167066 0.0217544 0.0824041 
0.0217544 0.374523 0.0554744 
0.0824041 0.0554744 0.354293 
0.164489 0.0214374 0.0811264 
0.0214374 0.368801 0.0545828 
0.0811264 0.0545828 0.348874 
0.159337 0.0208334 0.0785571 
0.0208334 0.357434 0.0527428 
0.0785571 0.0527428 0.338108 
0.150165 0.0198635 0.0739387 
0.0198635 0.337483 0.0492646 
0.0739387 0.0492646 0.319193 
0.135415 0.0186221 0.0663771 
0.0186221 0.30626 0.0430573 
0.0663771 0.0430573 0.289536 
0.114495 0.0176956 0.0553013 
0.0176956 0.264243 0.0326459 
0.0553013 0.0326459 0.249466 
0.0894006 0.0184266 0.0412393 
0.0184266 0.218842 0.0166055 
0.0412393 0.0166055 0.2058 
0.065127 0.0224771 0.0262289 
0.0224771 0.184005 -0.00535544 
0.0262289 -0.00535544 0.171549 
0.0470124 0.0304598 0.0129381 
0.0304598 0.171473 -0.031305 
0.0129381 -0.031305 0.157838 
0.0370779 0.0410495 0.00303272 
0.0410495 0.181466 -0.0575108 
0.00303272 -0.0575108 0.165157 
0.0336156 0.0519104 -0.00343943 
0.0519104 0.204416 -0.0804655 
-0.00343943 -0.0804655 0.184836 
0.0336743 0.0612632 -0.00734656 
0.0612632 0.229921 -0.0984603 
-0.00734657 -0.0984603 0.207285 
0.0350329 0.0684573 -0.009632 
0.0684573 0.252019 -0.111536 
-0.009632 -0.111536 0.226929 
0.0365642 0.0736292 -0.010971 
0.0736292 0.268952 -0.120613 
-0.010971 -0.120613 0.242054 
0.0378587 0.0772137 -0.0117713 
0.0772137 0.281129 -0.126768 
-0.0117713 -0.126768 0.25296 
0.0388407 0.079658 -0.0122626 
0.079658 0.28962 -0.130907 
-0.0122626 -0.130907 0.260576 
0.0395509 0.0813187 -0.0125728 
0.0813187 0.29547 -0.133694 
-0.0125728 -0.133694 0.265828 
0.0400547 0.0824518 -0.0127739 
0.0824518 0.299497 -0.135584 
-0.0127739 -0.135584 0.269446 
0.0404102 0.0832317 -0.0129075 
0.0832317 0.302286 -0.136881 
-0.0129075 -0.136881 0.271953 
0.0406618 0.0837746 -0.0129983 
0.0837746 0.304235 -0.13778 
-0.0129983 -0.13778 0.273705 
0.0408412 0.0841572 -0.0130611 
0.0841572 0.305613 -0.138413 
-0.0130611 -0.138413 0.274944 
0.0409702 0.0844303 -0.0131054 
0.0844303 0.306598 -0.138865 
-0.0131054 -0.138865 0.27583 
0.041064 0.0846277 -0.0131372 
0.0846277 0.307311 -0.13919 
-0.0131372 -0.13919 0.276471 
