4,150
1 -8.53062 4.32519 -0.49535 
2 -8.08805 3.99672 -0.570318 
3 -7.64457 3.66775 -0.645897 
4 -7.19627 3.33628 -0.724176 
5 -6.72389 2.99346 -0.813492 
6 -6.14136 2.60362 -0.942428 
7 -5.16391 2.0634 -1.1731 
8 -3.49995 1.30905 -1.47575 
9 -1.85754 0.648464 -1.58267 
10 -0.835461 0.251813 -1.46685 
11 -0.169715 -0.0184916 -1.27655 
12 0.318904 -0.238185 -1.07109 
13 0.539426 -0.387019 -0.859705 
14 0.191433 -0.365105 -0.637539 
15 -0.554558 -0.175193 -0.405835 
16 -0.834727 -0.0648193 -0.180603 
17 -0.605236 -0.0903372 0.0358696 
18 -0.183596 -0.17371 0.25019 
19 0.311087 -0.277959 0.468489 
20 0.894504 -0.398767 0.698563 
21 1.59744 -0.521533 0.933333 
22 2.08969 -0.528719 1.07777 
23 1.76758 -0.303439 1.02797 
24 0.912488 0.0202228 0.889719 
25 -0.024429 0.335747 0.753395 
26 -0.930874 0.634593 0.621513 
27 -1.74035 0.907325 0.465704 
28 -2.1387 1.05482 0.228275 
29 -1.56375 0.862042 -0.102852 
30 -0.483523 0.44179 -0.360927 
31 0.258359 0.100746 -0.492938 
32 0.714325 -0.150854 -0.575562 
33 1.05377 -0.366686 -0.64851 
34 1.29247 -0.560873 -0.724129 
35 1.25825 -0.699772 -0.801185 
36 0.567953 -0.680442 -0.83083 
37 -0.605483 -0.482328 -0.707774 
38 -1.21026 -0.340164 -0.472715 
39 -1.15887 -0.331829 -0.239084 
40 -0.845166 -0.387151 -0.0246847 
41 -0.432924 -0.464445 0.185861 
42 0.0946424 -0.54689 0.414019 
43 0.839229 -0.587712 0.677574 
44 1.55589 -0.449538 0.891412 
45 1.56925 -0.134539 0.90849 
46 1.04481 0.177917 0.811574 
47 0.35509 0.455776 0.697169 
48 -0.450906 0.731436 0.580348 
49 -1.42742 1.00557 0.443836 
50 -2.25475 1.13396 0.257233 
51 -2.17356 0.952171 0.0480422 
52 -1.45484 0.645128 -0.12994 
53 -0.634492 0.352189 -0.285727 
54 0.179174 0.0737612 -0.436401 
55 1.00052 -0.208899 -0.592194 
56 1.8082 -0.509809 -0.761894 
57 2.25777 -0.76978 -0.912556 
58 1.73137 -0.785306 -0.916735 
59 0.726178 -0.598487 -0.788992 
60 -0.141 -0.397919 -0.641609 
61 -0.843045 -0.229297 -0.49283 
62 -1.35519 -0.112234 -0.312171 
63 -1.3713 -0.114958 -0.0299909 
64 -0.487702 -0.271594 0.372224 
65 0.503976 -0.342073 0.666371 
66 0.847034 -0.221913 0.779185 
67 0.851004 -0.0266273 0.826527 
68 0.75959 0.187249 0.861356 
69 0.617866 0.413612 0.895936 
70 0.346185 0.67118 0.931091 
71 -0.30278 0.986497 0.939174 
72 -1.42664 1.25376 0.807432 
73 -2.09273 1.19676 0.485938 
74 -1.83093 0.894829 0.140861 
75 -1.16388 0.547917 -0.160573 
76 -0.386724 0.203185 -0.438676 
77 0.457151 -0.15079 -0.713529 
78 1.41805 -0.541573 -0.988775 
79 2.33356 -0.928472 -1.17943 
80 2.35854 -1.04202 -1.0998 
81 1.52739 -0.874021 -0.878097 
82 0.586869 -0.662735 -0.683932 
83 -0.288094 -0.470321 -0.512114 
84 -1.07126 -0.305243 -0.330865 
85 -1.60049 -0.202972 -0.10103 
86 -1.43051 -0.240296 0.213692 
87 -0.453636 -0.381558 0.517559 
88 0.331441 -0.411567 0.656539 
89 0.587959 -0.31512 0.689518 
90 0.616398 -0.173772 0.695641 
91 0.58289 -0.0214352 0.698001 
92 0.522815 0.136465 0.702614 
93 0.394462 0.30975 0.718074 
94 0.024257 0.528545 0.763266 
95 -0.881846 0.808282 0.832699 
96 -1.97958 0.989899 0.785523 
97 -2.22265 0.897521 0.51495 
98 -1.66316 0.648533 0.139701 
99 -0.788265 0.361717 -0.252035 
100 0.219728 0.0602288 -0.647752 
101 1.39346 -0.281015 -1.05133 
102 2.61164 -0.660316 -1.364 
103 2.81059 -0.826509 -1.30605 
104 1.93596 -0.711583 -1.04401 
105 0.91853 -0.538949 -0.819978 
106 -0.0604662 -0.368361 -0.628228 
107 -1.04164 -0.191911 -0.43436 
108 -1.94181 -0.00293545 -0.188357 
109 -2.00851 0.0936493 0.131921 
110 -1.03373 -0.0117815 0.354402 
111 -0.0818055 -0.161033 0.467579 
112 0.692427 -0.28376 0.560108 
113 1.34696 -0.347058 0.667735 
114 1.67376 -0.226123 0.80854 
115 1.16668 0.212595 0.916797 
116 0.281832 0.590435 0.860967 
117 -0.227637 0.688721 0.720773 
118 -0.523383 0.683382 0.572704 
119 -0.767012 0.657276 0.424438 
120 -0.989781 0.622524 0.268361 
121 -1.14549 0.56012 0.0778855 
122 -1.03088 0.398119 -0.217811 
123 -0.329042 0.0520769 -0.6476 
124 0.56978 -0.299557 -0.958051 
125 1.03317 -0.463659 -1.01923 
126 1.16727 -0.512818 -0.96869 
127 1.14103 -0.518695 -0.892004 
128 0.905188 -0.490192 -0.816361 
129 0.142842 -0.385354 -0.739815 
130 -1.09723 -0.202807 -0.595164 
131 -1.59241 -0.1118 -0.34716 
132 -1.27448 -0.132844 -0.075741 
133 -0.692781 -0.190465 0.191275 
134 -0.0102328 -0.255259 0.459797 
135 0.78828 -0.307223 0.727289 
136 1.59517 -0.279925 0.926828 
137 1.81078 -0.0981903 0.923856 
138 1.31105 0.127031 0.799313 
139 0.641081 0.308578 0.692309 
140 -0.0128535 0.464409 0.609358 
141 -0.654118 0.612445 0.534257 
142 -1.30261 0.755104 0.455097 
143 -1.9353 0.857651 0.338749 
144 -2.19993 0.755711 0.0910661 
145 -1.53469 0.352871 -0.267328 
146 -0.530105 -0.0262903 -0.529158 
147 0.319884 -0.283329 -0.698599 
148 1.05671 -0.485502 -0.83584 
149 1.7486 -0.669285 -0.963782 
150 2.42405 -0.846949 -1.08895 
