4,150
1 0.438884 -0.16574 0.102333 
2 -0.390877 0.221288 0.00873595 
3 -1.22153 0.60876 -0.0849548 
4 -2.05404 0.997151 -0.17887 
5 -2.89039 1.38743 -0.273338 
6 -3.73451 1.78148 -0.369194 
7 -4.59352 2.18263 -0.468582 
8 -5.47712 2.59496 -0.576861 
9 -6.3847 3.01613 -0.706033 
10 -7.25517 3.4115 -0.874641 
11 -7.9099 3.68857 -1.08459 
12 -8.21389 3.78535 -1.29041 
13 -8.2978 3.77642 -1.44969 
14 -8.34185 3.75355 -1.56934 
15 -8.40644 3.7444 -1.6701 
16 -8.49077 3.74648 -1.76384 
17 -8.58474 3.7537 -1.85508 
18 -8.68057 3.76179 -1.94464 
19 -8.7712 3.76742 -2.03035 
20 -8.84547 3.7666 -2.10459 
21 -8.88274 3.75416 -2.14868 
22 -8.85565 3.72722 -2.13085 
23 -8.76022 3.6947 -2.03093 
24 -8.64621 3.67673 -1.88182 
25 -8.5704 3.68335 -1.74267 
26 -8.54319 3.70826 -1.63805 
27 -8.548 3.74223 -1.56126 
28 -8.5689 3.7799 -1.50022 
29 -8.59673 3.8191 -1.44699 
30 -8.62678 3.85922 -1.39783 
31 -8.65591 3.90034 -1.35209 
32 -8.68021 3.94254 -1.31247 
33 -8.69246 3.98456 -1.28732 
34 -8.68056 4.0203 -1.29394 
35 -8.63356 4.03481 -1.35371 
36 -8.5613 4.01139 -1.4651 
37 -8.49833 3.95307 -1.58644 
38 -8.46817 3.88123 -1.67787 
39 -8.46754 3.81151 -1.73384 
40 -8.4842 3.74761 -1.76605 
41 -8.50894 3.68799 -1.78541 
42 -8.53618 3.63002 -1.79827 
43 -8.5615 3.57082 -1.80725 
44 -8.57864 3.50677 -1.81178 
45 -8.57644 3.43444 -1.80643 
46 -8.54037 3.35719 -1.778 
47 -8.47219 3.29912 -1.71163 
48 -8.41428 3.29598 -1.61568 
49 -8.40956 3.34929 -1.52233 
50 -8.45424 3.42967 -1.44883 
51 -8.5251 3.51599 -1.39199 
52 -8.60636 3.60158 -1.34489 
53 -8.69035 3.68571 -1.3038 
54 -8.77221 3.76848 -1.26901 
55 -8.84498 3.84799 -1.24596 
56 -8.8942 3.91642 -1.24847 
57 -8.89547 3.95485 -1.29891 
58 -8.8329 3.94019 -1.40765 
59 -8.73609 3.87709 -1.53973 
60 -8.65778 3.80204 -1.64413 
61 -8.61582 3.73972 -1.70848 
62 -8.59949 3.69165 -1.74666 
63 -8.59599 3.65215 -1.77228 
64 -8.5979 3.61671 -1.79265 
65 -8.60154 3.5828 -1.81088 
66 -8.60449 3.549 -1.82777 
67 -8.60309 3.51408 -1.84194 
68 -8.5891 3.47723 -1.84728 
69 -8.54698 3.44166 -1.82627 
70 -8.46543 3.42477 -1.74823 
71 -8.37648 3.45678 -1.60541 
72 -8.34489 3.54009 -1.4522 
73 -8.38348 3.64296 -1.33809 
74 -8.46205 3.74402 -1.26258 
75 -8.55603 3.83961 -1.20973 
76 -8.65321 3.9318 -1.16943 
77 -8.74524 4.0222 -1.13956 
78 -8.81874 4.10831 -1.1269 
79 -8.84672 4.17593 -1.15066 
80 -8.79718 4.19263 -1.2343 
81 -8.68809 4.13745 -1.3627 
82 -8.59464 4.0445 -1.47771 
83 -8.55074 3.95609 -1.55396 
84 -8.5404 3.8813 -1.60428 
85 -8.54468 3.81481 -1.64336 
86 -8.55404 3.75179 -1.67845 
87 -8.56458 3.68971 -1.71225 
88 -8.57426 3.62721 -1.74545 
89 -8.58036 3.5629 -1.77741 
90 -8.57709 3.49488 -1.80492 
91 -8.55303 3.4222 -1.81779 
92 -8.49446 3.35199 -1.79275 
93 -8.40955 3.31 -1.70358 
94 -8.34925 3.32367 -1.56472 
95 -8.35359 3.383 -1.42981 
96 -8.41027 3.45826 -1.32638 
97 -8.49258 3.53357 -1.24922 
98 -8.58458 3.6058 -1.18733 
99 -8.67914 3.67584 -1.13422 
100 -8.77198 3.74484 -1.08856 
101 -8.85672 3.81244 -1.0549 
102 -8.91891 3.87391 -1.04713 
103 -8.9311 3.91478 -1.09037 
104 -8.86947 3.91273 -1.20082 
105 -8.7599 3.86452 -1.34378 
106 -8.66342 3.79879 -1.45973 
107 -8.60463 3.73941 -1.5321 
108 -8.57319 3.69005 -1.57614 
109 -8.55523 3.64696 -1.60699 
110 -8.54279 3.6068 -1.6326 
111 -8.5322 3.56773 -1.65623 
112 -8.52158 3.52879 -1.67894 
113 -8.50885 3.48917 -1.7003 
114 -8.48977 3.44806 -1.71745 
115 -8.45569 3.40584 -1.72131 
116 -8.39598 3.36986 -1.69074 
117 -8.31817 3.36248 -1.60109 
118 -8.26883 3.40547 -1.46724 
119 -8.28483 3.48537 -1.34527 
120 -8.35132 3.57333 -1.26223 
121 -8.44053 3.65661 -1.20938 
122 -8.53692 3.73444 -1.17348 
123 -8.63344 3.80861 -1.14755 
124 -8.72431 3.87958 -1.13114 
125 -8.79815 3.94369 -1.13151 
126 -8.8304 3.98765 -1.16672 
127 -8.78916 3.98643 -1.25755 
128 -8.6843 3.92989 -1.38859 
129 -8.58468 3.85175 -1.50396 
130 -8.52985 3.78584 -1.5785 
131 -8.50906 3.73602 -1.62521 
132 -8.50424 3.69525 -1.65956 
133 -8.5054 3.65827 -1.68938 
134 -8.50833 3.62255 -1.71762 
135 -8.51098 3.58696 -1.74498 
136 -8.51115 3.55073 -1.77065 
137 -8.50424 3.5132 -1.791 
138 -8.4808 3.47488 -1.79543 
139 -8.42842 3.44226 -1.76093 
140 -8.35184 3.43385 -1.66349 
141 -8.29624 3.46664 -1.5235 
142 -8.30217 3.52894 -1.40125 
143 -8.35947 3.59733 -1.32277 
144 -8.44184 3.66159 -1.27677 
145 -8.53362 3.72111 -1.24791 
146 -8.62849 3.77752 -1.22713 
147 -8.72428 3.83216 -1.21007 
148 -8.82028 3.88583 -1.19474 
149 -8.91631 3.93898 -1.18025 
150 -9.01231 3.99185 -1.16617 
